6.320000000000000097e-03,2.731000000000000094e-02,2.728999999999999829e-02,3.237000000000000294e-02,6.905000000000000027e-02,2.985000000000000153e-02,8.828999999999999349e-02,1.445500000000000118e-01,2.112400000000000111e-01,1.700399999999999967e-01,2.248900000000000066e-01,1.174700000000000050e-01,9.378000000000000225e-02,6.297599999999999865e-01,6.379599999999999715e-01,6.273900000000000032e-01,1.053930000000000033e+00,7.842000000000000082e-01,8.027100000000000346e-01,7.258000000000000007e-01,1.251789999999999958e+00,8.520400000000000196e-01,1.232469999999999954e+00,9.884300000000000308e-01,7.502600000000000380e-01,8.405399999999999539e-01,6.719100000000000072e-01,9.557700000000000085e-01,7.729899999999999549e-01,1.002450000000000063e+00,1.130810000000000093e+00,1.354719999999999924e+00,1.387990000000000057e+00,1.151720000000000077e+00,1.612819999999999920e+00,6.417000000000000481e-02,9.743999999999999884e-02,8.014000000000000290e-02,1.750500000000000111e-01,2.762999999999999831e-02,3.359000000000000180e-02,1.274399999999999977e-01,1.414999999999999869e-01,1.593600000000000017e-01,1.226899999999999935e-01,1.714199999999999890e-01,1.883599999999999997e-01,2.292700000000000016e-01,2.538699999999999846e-01,2.197699999999999931e-01,8.873000000000000331e-02,4.336999999999999883e-02,5.360000000000000181e-02,4.981000000000000011e-02,1.359999999999999924e-02,1.311000000000000013e-02,2.054999999999999882e-02,1.431999999999999940e-02,1.544500000000000040e-01,1.032799999999999968e-01,1.493200000000000083e-01,1.717100000000000015e-01,1.102700000000000069e-01,1.265000000000000013e-01,1.950999999999999956e-02,3.583999999999999686e-02,4.379000000000000253e-02,5.788999999999999702e-02,1.355399999999999938e-01,1.281599999999999961e-01,8.826000000000000512e-02,1.587600000000000122e-01,9.163999999999999924e-02,1.953900000000000081e-01,7.896000000000000241e-02,9.511999999999999622e-02,1.015299999999999953e-01,8.706999999999999462e-02,5.646000000000000324e-02,8.387000000000000011e-02,4.112999999999999989e-02,4.461999999999999994e-02,3.658999999999999753e-02,3.550999999999999990e-02,5.059000000000000302e-02,5.734999999999999820e-02,5.188000000000000250e-02,7.151000000000000412e-02,5.659999999999999754e-02,5.301999999999999769e-02,4.683999999999999969e-02,3.932000000000000078e-02,4.202999999999999792e-02,2.875000000000000125e-02,4.293999999999999900e-02,1.220399999999999957e-01,1.150400000000000034e-01,1.208300000000000068e-01,8.186999999999999833e-02,6.859999999999999432e-02,1.486599999999999866e-01,1.143200000000000049e-01,2.287599999999999911e-01,2.116099999999999925e-01,1.396000000000000019e-01,1.326199999999999879e-01,1.711999999999999911e-01,1.311700000000000088e-01,1.280199999999999949e-01,2.636299999999999755e-01,1.079299999999999982e-01,1.008399999999999991e-01,1.232899999999999968e-01,2.221200000000000119e-01,1.423099999999999921e-01,1.713399999999999923e-01,1.315800000000000025e-01,1.509800000000000031e-01,1.305800000000000016e-01,1.447599999999999998e-01,6.898999999999999577e-02,7.165000000000000535e-02,9.299000000000000321e-02,1.503800000000000137e-01,9.848999999999999422e-02,1.690200000000000036e-01,3.873500000000000276e-01,2.591499999999999915e-01,3.254299999999999971e-01,8.812499999999999778e-01,3.400599999999999734e-01,1.192939999999999889e+00,5.900499999999999634e-01,3.298200000000000021e-01,9.761699999999999822e-01,5.577800000000000535e-01,3.226399999999999824e-01,3.523299999999999765e-01,2.497999999999999943e-01,5.445200000000000040e-01,2.908999999999999919e-01,1.628640000000000088e+00,3.321050000000000058e+00,4.097400000000000375e+00,2.779739999999999878e+00,2.379340000000000011e+00,2.155050000000000132e+00,2.368619999999999948e+00,2.330989999999999895e+00,2.733969999999999789e+00,1.656600000000000072e+00,1.496320000000000094e+00,1.126579999999999915e+00,2.149179999999999868e+00,1.413850000000000051e+00,3.535010000000000208e+00,2.446680000000000188e+00,1.223579999999999890e+00,1.342840000000000034e+00,1.425019999999999953e+00,1.273460000000000036e+00,1.463359999999999994e+00,1.833769999999999900e+00,1.519020000000000037e+00,2.242360000000000131e+00,2.923999999999999932e+00,2.010190000000000143e+00,1.800280000000000102e+00,2.300399999999999778e+00,2.449530000000000207e+00,1.207419999999999938e+00,2.313899999999999846e+00,1.391400000000000137e-01,9.178000000000000047e-02,8.447000000000000342e-02,6.664000000000000479e-02,7.022000000000000464e-02,5.424999999999999961e-02,6.642000000000000681e-02,5.779999999999999721e-02,6.587999999999999412e-02,6.887999999999999678e-02,9.102999999999999980e-02,1.000800000000000023e-01,8.308000000000000107e-02,6.047000000000000292e-02,5.602000000000000035e-02,7.875000000000000056e-02,1.257900000000000129e-01,8.369999999999999662e-02,9.067999999999999672e-02,6.911000000000000476e-02,8.663999999999999480e-02,2.187000000000000055e-02,1.439000000000000001e-02,1.380999999999999936e-02,4.010999999999999982e-02,4.666000000000000009e-02,3.767999999999999822e-02,3.150000000000000022e-02,1.778000000000000067e-02,3.445000000000000145e-02,2.177000000000000116e-02,3.509999999999999926e-02,2.009000000000000022e-02,1.364200000000000135e-01,2.296900000000000053e-01,2.519899999999999918e-01,1.358699999999999908e-01,4.357099999999999862e-01,1.744600000000000040e-01,3.757800000000000029e-01,2.171899999999999942e-01,1.405200000000000060e-01,2.895499999999999741e-01,1.980200000000000016e-01,4.560000000000000164e-02,7.012999999999999790e-02,1.106899999999999967e-01,1.142500000000000043e-01,3.580900000000000194e-01,4.077100000000000168e-01,6.235600000000000032e-01,6.147000000000000242e-01,3.153299999999999992e-01,5.269300000000000095e-01,3.821399999999999797e-01,4.123800000000000243e-01,2.981900000000000106e-01,4.417800000000000060e-01,5.370000000000000329e-01,4.629599999999999826e-01,5.752899999999999681e-01,3.314699999999999869e-01,4.479099999999999748e-01,3.304500000000000215e-01,5.205800000000000427e-01,5.118300000000000072e-01,8.243999999999999939e-02,9.252000000000000501e-02,1.132900000000000018e-01,1.061200000000000060e-01,1.029000000000000054e-01,1.275699999999999890e-01,2.060800000000000132e-01,1.913300000000000001e-01,3.398300000000000209e-01,1.965699999999999947e-01,1.643900000000000083e-01,1.907300000000000106e-01,1.403000000000000080e-01,2.140900000000000025e-01,8.221000000000000529e-02,3.689399999999999902e-01,4.818999999999999673e-02,3.547999999999999765e-02,1.537999999999999957e-02,6.115399999999999725e-01,6.635100000000000442e-01,6.566499999999999559e-01,5.401099999999999790e-01,5.341200000000000392e-01,5.201400000000000468e-01,8.252599999999999936e-01,5.500699999999999479e-01,7.616199999999999637e-01,7.856999999999999540e-01,5.783399999999999652e-01,5.404999999999999805e-01,9.064999999999999447e-02,2.991599999999999815e-01,1.621100000000000041e-01,1.145999999999999935e-01,2.218799999999999939e-01,5.643999999999999712e-02,9.604000000000000037e-02,1.046900000000000053e-01,6.126999999999999807e-02,7.978000000000000369e-02,2.103800000000000114e-01,3.577999999999999931e-02,3.704999999999999960e-02,6.128999999999999726e-02,1.501000000000000077e-02,9.060000000000000345e-03,1.095999999999999926e-02,1.965000000000000080e-02,3.871000000000000135e-02,4.590000000000000330e-02,4.297000000000000125e-02,3.502000000000000252e-02,7.885999999999999954e-02,3.615000000000000158e-02,8.265000000000000124e-02,8.198999999999999344e-02,1.293199999999999905e-01,5.371999999999999692e-02,1.410299999999999887e-01,6.465999999999999526e-02,5.560999999999999971e-02,4.417000000000000093e-02,3.536999999999999866e-02,9.266000000000000625e-02,1.000000000000000056e-01,5.514999999999999764e-02,5.478999999999999843e-02,7.502999999999999947e-02,4.932000000000000273e-02,4.929799999999999738e-01,3.493999999999999884e-01,2.635479999999999823e+00,7.904099999999999460e-01,2.616899999999999782e-01,2.693800000000000083e-01,3.691999999999999726e-01,2.535600000000000076e-01,3.182699999999999974e-01,2.452199999999999935e-01,4.020199999999999885e-01,4.754700000000000037e-01,1.675999999999999990e-01,1.815900000000000014e-01,3.511400000000000077e-01,2.839200000000000057e-01,3.410900000000000043e-01,1.918600000000000028e-01,3.034700000000000175e-01,2.410299999999999943e-01,6.617000000000000659e-02,6.723999999999999422e-02,4.544000000000000122e-02,5.022999999999999687e-02,3.466000000000000331e-02,5.083000000000000018e-02,3.737999999999999656e-02,3.960999999999999938e-02,3.427000000000000185e-02,3.040999999999999953e-02,3.305999999999999911e-02,5.496999999999999803e-02,6.151000000000000217e-02,1.301000000000000073e-02,2.497999999999999873e-02,2.543000000000000121e-02,3.048999999999999974e-02,3.113000000000000142e-02,6.162000000000000116e-02,1.870000000000000134e-02,1.501000000000000077e-02,2.898999999999999841e-02,6.210999999999999854e-02,7.950000000000000122e-02,7.244000000000000439e-02,1.709000000000000102e-02,4.300999999999999962e-02,1.065900000000000042e-01,8.982960000000000278e+00,3.849699999999999900e+00,5.201769999999999783e+00,4.261309999999999931e+00,4.541920000000000179e+00,3.836840000000000028e+00,3.678220000000000045e+00,4.222389999999999866e+00,3.474279999999999813e+00,4.555869999999999642e+00,3.696950000000000180e+00,1.352219999999999978e+01,4.898220000000000240e+00,5.669979999999999798e+00,6.538759999999999906e+00,9.232300000000000395e+00,8.267250000000000654e+00,1.110810000000000031e+01,1.849820000000000064e+01,1.960910000000000153e+01,1.528800000000000026e+01,9.823489999999999611e+00,2.364819999999999922e+01,1.786670000000000158e+01,8.897620000000000573e+01,1.587439999999999962e+01,9.187020000000000408e+00,7.992479999999999585e+00,2.008490000000000109e+01,1.681180000000000163e+01,2.439379999999999882e+01,2.259710000000000107e+01,1.433370000000000033e+01,8.151740000000000208e+00,6.962150000000000283e+00,5.293050000000000033e+00,1.157789999999999964e+01,8.644759999999999778e+00,1.335979999999999990e+01,8.716749999999999332e+00,5.872049999999999770e+00,7.672019999999999840e+00,3.835179999999999723e+01,9.916550000000000864e+00,2.504609999999999914e+01,1.423620000000000019e+01,9.595710000000000406e+00,2.480170000000000030e+01,4.152920000000000300e+01,6.792079999999999984e+01,2.071620000000000061e+01,1.195110000000000028e+01,7.403889999999999638e+00,1.443829999999999991e+01,5.113580000000000325e+01,1.405070000000000086e+01,1.881099999999999994e+01,2.865579999999999927e+01,4.574609999999999843e+01,1.808459999999999823e+01,1.083419999999999916e+01,2.594059999999999988e+01,7.353409999999999513e+01,1.181230000000000047e+01,1.108740000000000059e+01,7.022590000000000110e+00,1.204819999999999958e+01,7.050419999999999909e+00,8.792120000000000601e+00,1.586030000000000051e+01,1.224719999999999942e+01,3.766190000000000282e+01,7.367110000000000269e+00,9.338889999999999247e+00,8.492129999999999512e+00,1.006230000000000047e+01,6.444049999999999834e+00,5.581070000000000420e+00,1.391339999999999932e+01,1.116039999999999921e+01,1.442079999999999984e+01,1.517719999999999914e+01,1.367810000000000059e+01,9.390629999999999811e+00,2.205110000000000170e+01,9.724180000000000490e+00,5.666369999999999685e+00,9.966540000000000177e+00,1.280230000000000068e+01,6.717999999999999527e-01,6.288070000000000270e+00,9.924849999999999284e+00,9.329090000000000771e+00,7.526010000000000311e+00,6.717719999999999914e+00,5.441139999999999866e+00,5.090169999999999639e+00,8.248089999999999478e+00,9.513629999999999143e+00,4.752369999999999983e+00,4.668829999999999814e+00,8.200580000000000425e+00,7.752229999999999954e+00,6.801169999999999938e+00,4.812129999999999797e+00,3.693109999999999893e+00,6.654919999999999725e+00,5.821150000000000269e+00,7.839319999999999844e+00,3.163600000000000190e+00,3.774979999999999780e+00,4.422279999999999767e+00,1.557569999999999943e+01,1.307510000000000083e+01,4.348790000000000155e+00,4.038409999999999833e+00,3.568680000000000074e+00,4.646889999999999965e+00,8.055790000000000006e+00,6.393119999999999692e+00,4.871410000000000018e+00,1.502340000000000053e+01,1.023300000000000054e+01,1.433370000000000033e+01,5.824010000000000353e+00,5.708179999999999588e+00,5.731160000000000032e+00,2.818379999999999885e+00,2.378569999999999851e+00,3.673669999999999991e+00,5.691749999999999865e+00,4.835670000000000357e+00,1.508599999999999941e-01,1.833700000000000052e-01,2.074600000000000055e-01,1.057400000000000007e-01,1.113200000000000023e-01,1.733099999999999918e-01,2.795699999999999852e-01,1.789900000000000102e-01,2.896000000000000241e-01,2.683800000000000074e-01,2.391199999999999992e-01,1.778299999999999881e-01,2.243799999999999961e-01,6.263000000000000511e-02,4.526999999999999774e-02,6.076000000000000151e-02,1.095900000000000069e-01,4.741000000000000075e-02
1.800000000000000000e+01,0.000000000000000000e+00,0.000000000000000000e+00,0.000000000000000000e+00,0.000000000000000000e+00,0.000000000000000000e+00,1.250000000000000000e+01,1.250000000000000000e+01,1.250000000000000000e+01,1.250000000000000000e+01,1.250000000000000000e+01,1.250000000000000000e+01,1.250000000000000000e+01,0.000000000000000000e+00,0.000000000000000000e+00,0.000000000000000000e+00,0.000000000000000000e+00,0.000000000000000000e+00,0.000000000000000000e+00,0.000000000000000000e+00,0.000000000000000000e+00,0.000000000000000000e+00,0.000000000000000000e+00,0.000000000000000000e+00,0.000000000000000000e+00,0.000000000000000000e+00,0.000000000000000000e+00,0.000000000000000000e+00,0.000000000000000000e+00,0.000000000000000000e+00,0.000000000000000000e+00,0.000000000000000000e+00,0.000000000000000000e+00,0.000000000000000000e+00,0.000000000000000000e+00,0.000000000000000000e+00,0.000000000000000000e+00,0.000000000000000000e+00,0.000000000000000000e+00,7.500000000000000000e+01,7.500000000000000000e+01,0.000000000000000000e+00,0.000000000000000000e+00,0.000000000000000000e+00,0.000000000000000000e+00,0.000000000000000000e+00,0.000000000000000000e+00,0.000000000000000000e+00,0.000000000000000000e+00,0.000000000000000000e+00,2.100000000000000000e+01,2.100000000000000000e+01,2.100000000000000000e+01,2.100000000000000000e+01,7.500000000000000000e+01,9.000000000000000000e+01,8.500000000000000000e+01,1.000000000000000000e+02,2.500000000000000000e+01,2.500000000000000000e+01,2.500000000000000000e+01,2.500000000000000000e+01,2.500000000000000000e+01,2.500000000000000000e+01,1.750000000000000000e+01,8.000000000000000000e+01,8.000000000000000000e+01,1.250000000000000000e+01,1.250000000000000000e+01,1.250000000000000000e+01,0.000000000000000000e+00,0.000000000000000000e+00,0.000000000000000000e+00,0.000000000000000000e+00,0.000000000000000000e+00,0.000000000000000000e+00,0.000000000000000000e+00,0.000000000000000000e+00,0.000000000000000000e+00,0.000000000000000000e+00,2.500000000000000000e+01,2.500000000000000000e+01,2.500000000000000000e+01,2.500000000000000000e+01,0.000000000000000000e+00,0.000000000000000000e+00,0.000000000000000000e+00,0.000000000000000000e+00,0.000000000000000000e+00,0.000000000000000000e+00,0.000000000000000000e+00,0.000000000000000000e+00,2.800000000000000000e+01,2.800000000000000000e+01,2.800000000000000000e+01,0.000000000000000000e+00,0.000000000000000000e+00,0.000000000000000000e+00,0.000000000000000000e+00,0.000000000000000000e+00,0.000000000000000000e+00,0.000000000000000000e+00,0.000000000000000000e+00,0.000000000000000000e+00,0.000000000000000000e+00,0.000000000000000000e+00,0.000000000000000000e+00,0.000000000000000000e+00,0.000000000000000000e+00,0.000000000000000000e+00,0.000000000000000000e+00,0.000000000000000000e+00,0.000000000000000000e+00,0.000000000000000000e+00,0.000000000000000000e+00,0.000000000000000000e+00,0.000000000000000000e+00,0.000000000000000000e+00,0.000000000000000000e+00,0.000000000000000000e+00,0.000000000000000000e+00,0.000000000000000000e+00,0.000000000000000000e+00,0.000000000000000000e+00,0.000000000000000000e+00,0.000000000000000000e+00,0.000000000000000000e+00,0.000000000000000000e+00,0.000000000000000000e+00,0.000000000000000000e+00,0.000000000000000000e+00,0.000000000000000000e+00,0.000000000000000000e+00,0.000000000000000000e+00,0.000000000000000000e+00,0.000000000000000000e+00,0.000000000000000000e+00,0.000000000000000000e+00,0.000000000000000000e+00,0.000000000000000000e+00,0.000000000000000000e+00,0.000000000000000000e+00,0.000000000000000000e+00,0.000000000000000000e+00,0.000000000000000000e+00,0.000000000000000000e+00,0.000000000000000000e+00,0.000000000000000000e+00,0.000000000000000000e+00,0.000000000000000000e+00,0.000000000000000000e+00,0.000000000000000000e+00,0.000000000000000000e+00,0.000000000000000000e+00,0.000000000000000000e+00,0.000000000000000000e+00,0.000000000000000000e+00,0.000000000000000000e+00,0.000000000000000000e+00,0.000000000000000000e+00,0.000000000000000000e+00,0.000000000000000000e+00,0.000000000000000000e+00,0.000000000000000000e+00,0.000000000000000000e+00,0.000000000000000000e+00,0.000000000000000000e+00,0.000000000000000000e+00,0.000000000000000000e+00,0.000000000000000000e+00,0.000000000000000000e+00,0.000000000000000000e+00,0.000000000000000000e+00,0.000000000000000000e+00,0.000000000000000000e+00,0.000000000000000000e+00,0.000000000000000000e+00,0.000000000000000000e+00,0.000000000000000000e+00,0.000000000000000000e+00,0.000000000000000000e+00,0.000000000000000000e+00,0.000000000000000000e+00,0.000000000000000000e+00,0.000000000000000000e+00,0.000000000000000000e+00,0.000000000000000000e+00,4.500000000000000000e+01,4.500000000000000000e+01,4.500000000000000000e+01,4.500000000000000000e+01,4.500000000000000000e+01,4.500000000000000000e+01,6.000000000000000000e+01,6.000000000000000000e+01,8.000000000000000000e+01,8.000000000000000000e+01,8.000000000000000000e+01,8.000000000000000000e+01,9.500000000000000000e+01,9.500000000000000000e+01,8.250000000000000000e+01,8.250000000000000000e+01,9.500000000000000000e+01,9.500000000000000000e+01,0.000000000000000000e+00,0.000000000000000000e+00,0.000000000000000000e+00,0.000000000000000000e+00,0.000000000000000000e+00,0.000000000000000000e+00,0.000000000000000000e+00,0.000000000000000000e+00,0.000000000000000000e+00,0.000000000000000000e+00,0.000000000000000000e+00,0.000000000000000000e+00,0.000000000000000000e+00,0.000000000000000000e+00,0.000000000000000000e+00,0.000000000000000000e+00,0.000000000000000000e+00,0.000000000000000000e+00,0.000000000000000000e+00,0.000000000000000000e+00,0.000000000000000000e+00,0.000000000000000000e+00,0.000000000000000000e+00,0.000000000000000000e+00,0.000000000000000000e+00,0.000000000000000000e+00,0.000000000000000000e+00,0.000000000000000000e+00,0.000000000000000000e+00,0.000000000000000000e+00,0.000000000000000000e+00,0.000000000000000000e+00,0.000000000000000000e+00,3.000000000000000000e+01,3.000000000000000000e+01,3.000000000000000000e+01,3.000000000000000000e+01,3.000000000000000000e+01,3.000000000000000000e+01,2.200000000000000000e+01,2.200000000000000000e+01,2.200000000000000000e+01,2.200000000000000000e+01,2.200000000000000000e+01,2.200000000000000000e+01,2.200000000000000000e+01,2.200000000000000000e+01,2.200000000000000000e+01,2.200000000000000000e+01,8.000000000000000000e+01,8.000000000000000000e+01,9.000000000000000000e+01,2.000000000000000000e+01,2.000000000000000000e+01,2.000000000000000000e+01,2.000000000000000000e+01,2.000000000000000000e+01,2.000000000000000000e+01,2.000000000000000000e+01,2.000000000000000000e+01,2.000000000000000000e+01,2.000000000000000000e+01,2.000000000000000000e+01,2.000000000000000000e+01,2.000000000000000000e+01,2.000000000000000000e+01,2.000000000000000000e+01,2.000000000000000000e+01,2.000000000000000000e+01,4.000000000000000000e+01,4.000000000000000000e+01,4.000000000000000000e+01,4.000000000000000000e+01,4.000000000000000000e+01,2.000000000000000000e+01,2.000000000000000000e+01,2.000000000000000000e+01,2.000000000000000000e+01,9.000000000000000000e+01,9.000000000000000000e+01,5.500000000000000000e+01,8.000000000000000000e+01,5.250000000000000000e+01,5.250000000000000000e+01,5.250000000000000000e+01,8.000000000000000000e+01,8.000000000000000000e+01,8.000000000000000000e+01,0.000000000000000000e+00,0.000000000000000000e+00,0.000000000000000000e+00,0.000000000000000000e+00,0.000000000000000000e+00,7.000000000000000000e+01,7.000000000000000000e+01,7.000000000000000000e+01,3.400000000000000000e+01,3.400000000000000000e+01,3.400000000000000000e+01,3.300000000000000000e+01,3.300000000000000000e+01,3.300000000000000000e+01,3.300000000000000000e+01,0.000000000000000000e+00,0.000000000000000000e+00,0.000000000000000000e+00,0.000000000000000000e+00,0.000000000000000000e+00,0.000000000000000000e+00,0.000000000000000000e+00,0.000000000000000000e+00,0.000000000000000000e+00,0.000000000000000000e+00,0.000000000000000000e+00,0.000000000000000000e+00,0.000000000000000000e+00,0.000000000000000000e+00,0.000000000000000000e+00,0.000000000000000000e+00,0.000000000000000000e+00,0.000000000000000000e+00,0.000000000000000000e+00,0.000000000000000000e+00,0.000000000000000000e+00,0.000000000000000000e+00,0.000000000000000000e+00,3.500000000000000000e+01,3.500000000000000000e+01,0.000000000000000000e+00,0.000000000000000000e+00,0.000000000000000000e+00,0.000000000000000000e+00,0.000000000000000000e+00,0.000000000000000000e+00,0.000000000000000000e+00,0.000000000000000000e+00,3.500000000000000000e+01,0.000000000000000000e+00,5.500000000000000000e+01,5.500000000000000000e+01,0.000000000000000000e+00,0.000000000000000000e+00,8.500000000000000000e+01,8.000000000000000000e+01,4.000000000000000000e+01,4.000000000000000000e+01,6.000000000000000000e+01,6.000000000000000000e+01,9.000000000000000000e+01,8.000000000000000000e+01,8.000000000000000000e+01,0.000000000000000000e+00,0.000000000000000000e+00,0.000000000000000000e+00,0.000000000000000000e+00,0.000000000000000000e+00,0.000000000000000000e+00,0.000000000000000000e+00,0.000000000000000000e+00,0.000000000000000000e+00,0.000000000000000000e+00,0.000000000000000000e+00,0.000000000000000000e+00,0.000000000000000000e+00,0.000000000000000000e+00,0.000000000000000000e+00,0.000000000000000000e+00,0.000000000000000000e+00,0.000000000000000000e+00,0.000000000000000000e+00,0.000000000000000000e+00,0.000000000000000000e+00,0.000000000000000000e+00,0.000000000000000000e+00,0.000000000000000000e+00,0.000000000000000000e+00,0.000000000000000000e+00,0.000000000000000000e+00,0.000000000000000000e+00,0.000000000000000000e+00,0.000000000000000000e+00,0.000000000000000000e+00,0.000000000000000000e+00,0.000000000000000000e+00,0.000000000000000000e+00,0.000000000000000000e+00,0.000000000000000000e+00,0.000000000000000000e+00,0.000000000000000000e+00,0.000000000000000000e+00,0.000000000000000000e+00,0.000000000000000000e+00,0.000000000000000000e+00,0.000000000000000000e+00,0.000000000000000000e+00,0.000000000000000000e+00,0.000000000000000000e+00,0.000000000000000000e+00,0.000000000000000000e+00,0.000000000000000000e+00,0.000000000000000000e+00,0.000000000000000000e+00,0.000000000000000000e+00,0.000000000000000000e+00,0.000000000000000000e+00,0.000000000000000000e+00,0.000000000000000000e+00,0.000000000000000000e+00,0.000000000000000000e+00,0.000000000000000000e+00,0.000000000000000000e+00,0.000000000000000000e+00,0.000000000000000000e+00,0.000000000000000000e+00,0.000000000000000000e+00,0.000000000000000000e+00,0.000000000000000000e+00,0.000000000000000000e+00,0.000000000000000000e+00,0.000000000000000000e+00,0.000000000000000000e+00,0.000000000000000000e+00,0.000000000000000000e+00,0.000000000000000000e+00,0.000000000000000000e+00,0.000000000000000000e+00,0.000000000000000000e+00,0.000000000000000000e+00,0.000000000000000000e+00,0.000000000000000000e+00,0.000000000000000000e+00,0.000000000000000000e+00,0.000000000000000000e+00,0.000000000000000000e+00,0.000000000000000000e+00,0.000000000000000000e+00,0.000000000000000000e+00,0.000000000000000000e+00,0.000000000000000000e+00,0.000000000000000000e+00,0.000000000000000000e+00,0.000000000000000000e+00,0.000000000000000000e+00,0.000000000000000000e+00,0.000000000000000000e+00,0.000000000000000000e+00,0.000000000000000000e+00,0.000000000000000000e+00,0.000000000000000000e+00,0.000000000000000000e+00,0.000000000000000000e+00,0.000000000000000000e+00,0.000000000000000000e+00,0.000000000000000000e+00,0.000000000000000000e+00,0.000000000000000000e+00,0.000000000000000000e+00,0.000000000000000000e+00,0.000000000000000000e+00,0.000000000000000000e+00,0.000000000000000000e+00,0.000000000000000000e+00,0.000000000000000000e+00,0.000000000000000000e+00,0.000000000000000000e+00,0.000000000000000000e+00,0.000000000000000000e+00,0.000000000000000000e+00,0.000000000000000000e+00,0.000000000000000000e+00,0.000000000000000000e+00,0.000000000000000000e+00,0.000000000000000000e+00,0.000000000000000000e+00,0.000000000000000000e+00,0.000000000000000000e+00,0.000000000000000000e+00,0.000000000000000000e+00,0.000000000000000000e+00,0.000000000000000000e+00,0.000000000000000000e+00,0.000000000000000000e+00,0.000000000000000000e+00,0.000000000000000000e+00,0.000000000000000000e+00,0.000000000000000000e+00,0.000000000000000000e+00,0.000000000000000000e+00,0.000000000000000000e+00,0.000000000000000000e+00,0.000000000000000000e+00,0.000000000000000000e+00,0.000000000000000000e+00,0.000000000000000000e+00,0.000000000000000000e+00,0.000000000000000000e+00,0.000000000000000000e+00,0.000000000000000000e+00,0.000000000000000000e+00,0.000000000000000000e+00,0.000000000000000000e+00
2.310000000000000053e+00,7.070000000000000284e+00,7.070000000000000284e+00,2.180000000000000160e+00,2.180000000000000160e+00,2.180000000000000160e+00,7.870000000000000107e+00,7.870000000000000107e+00,7.870000000000000107e+00,7.870000000000000107e+00,7.870000000000000107e+00,7.870000000000000107e+00,7.870000000000000107e+00,8.140000000000000568e+00,8.140000000000000568e+00,8.140000000000000568e+00,8.140000000000000568e+00,8.140000000000000568e+00,8.140000000000000568e+00,8.140000000000000568e+00,8.140000000000000568e+00,8.140000000000000568e+00,8.140000000000000568e+00,8.140000000000000568e+00,8.140000000000000568e+00,8.140000000000000568e+00,8.140000000000000568e+00,8.140000000000000568e+00,8.140000000000000568e+00,8.140000000000000568e+00,8.140000000000000568e+00,8.140000000000000568e+00,8.140000000000000568e+00,8.140000000000000568e+00,8.140000000000000568e+00,5.959999999999999964e+00,5.959999999999999964e+00,5.959999999999999964e+00,5.959999999999999964e+00,2.950000000000000178e+00,2.950000000000000178e+00,6.910000000000000142e+00,6.910000000000000142e+00,6.910000000000000142e+00,6.910000000000000142e+00,6.910000000000000142e+00,6.910000000000000142e+00,6.910000000000000142e+00,6.910000000000000142e+00,6.910000000000000142e+00,5.639999999999999680e+00,5.639999999999999680e+00,5.639999999999999680e+00,5.639999999999999680e+00,4.000000000000000000e+00,1.219999999999999973e+00,7.399999999999999911e-01,1.320000000000000062e+00,5.129999999999999893e+00,5.129999999999999893e+00,5.129999999999999893e+00,5.129999999999999893e+00,5.129999999999999893e+00,5.129999999999999893e+00,1.379999999999999893e+00,3.370000000000000107e+00,3.370000000000000107e+00,6.070000000000000284e+00,6.070000000000000284e+00,6.070000000000000284e+00,1.081000000000000050e+01,1.081000000000000050e+01,1.081000000000000050e+01,1.081000000000000050e+01,1.283000000000000007e+01,1.283000000000000007e+01,1.283000000000000007e+01,1.283000000000000007e+01,1.283000000000000007e+01,1.283000000000000007e+01,4.860000000000000320e+00,4.860000000000000320e+00,4.860000000000000320e+00,4.860000000000000320e+00,4.490000000000000213e+00,4.490000000000000213e+00,4.490000000000000213e+00,4.490000000000000213e+00,3.410000000000000142e+00,3.410000000000000142e+00,3.410000000000000142e+00,3.410000000000000142e+00,1.503999999999999915e+01,1.503999999999999915e+01,1.503999999999999915e+01,2.890000000000000124e+00,2.890000000000000124e+00,2.890000000000000124e+00,2.890000000000000124e+00,2.890000000000000124e+00,8.560000000000000497e+00,8.560000000000000497e+00,8.560000000000000497e+00,8.560000000000000497e+00,8.560000000000000497e+00,8.560000000000000497e+00,8.560000000000000497e+00,8.560000000000000497e+00,8.560000000000000497e+00,8.560000000000000497e+00,8.560000000000000497e+00,1.000999999999999979e+01,1.000999999999999979e+01,1.000999999999999979e+01,1.000999999999999979e+01,1.000999999999999979e+01,1.000999999999999979e+01,1.000999999999999979e+01,1.000999999999999979e+01,1.000999999999999979e+01,2.564999999999999858e+01,2.564999999999999858e+01,2.564999999999999858e+01,2.564999999999999858e+01,2.564999999999999858e+01,2.564999999999999858e+01,2.564999999999999858e+01,2.189000000000000057e+01,2.189000000000000057e+01,2.189000000000000057e+01,2.189000000000000057e+01,2.189000000000000057e+01,2.189000000000000057e+01,2.189000000000000057e+01,2.189000000000000057e+01,2.189000000000000057e+01,2.189000000000000057e+01,2.189000000000000057e+01,2.189000000000000057e+01,2.189000000000000057e+01,2.189000000000000057e+01,2.189000000000000057e+01,1.957999999999999829e+01,1.957999999999999829e+01,1.957999999999999829e+01,1.957999999999999829e+01,1.957999999999999829e+01,1.957999999999999829e+01,1.957999999999999829e+01,1.957999999999999829e+01,1.957999999999999829e+01,1.957999999999999829e+01,1.957999999999999829e+01,1.957999999999999829e+01,1.957999999999999829e+01,1.957999999999999829e+01,1.957999999999999829e+01,1.957999999999999829e+01,1.957999999999999829e+01,1.957999999999999829e+01,1.957999999999999829e+01,1.957999999999999829e+01,1.957999999999999829e+01,1.957999999999999829e+01,1.957999999999999829e+01,1.957999999999999829e+01,1.957999999999999829e+01,1.957999999999999829e+01,1.957999999999999829e+01,1.957999999999999829e+01,1.957999999999999829e+01,1.957999999999999829e+01,4.049999999999999822e+00,4.049999999999999822e+00,4.049999999999999822e+00,4.049999999999999822e+00,4.049999999999999822e+00,4.049999999999999822e+00,4.049999999999999822e+00,2.459999999999999964e+00,2.459999999999999964e+00,2.459999999999999964e+00,2.459999999999999964e+00,2.459999999999999964e+00,2.459999999999999964e+00,2.459999999999999964e+00,2.459999999999999964e+00,3.439999999999999947e+00,3.439999999999999947e+00,3.439999999999999947e+00,3.439999999999999947e+00,3.439999999999999947e+00,3.439999999999999947e+00,2.930000000000000160e+00,2.930000000000000160e+00,4.600000000000000200e-01,1.520000000000000018e+00,1.520000000000000018e+00,1.520000000000000018e+00,1.469999999999999973e+00,1.469999999999999973e+00,2.029999999999999805e+00,2.029999999999999805e+00,2.680000000000000160e+00,2.680000000000000160e+00,1.058999999999999986e+01,1.058999999999999986e+01,1.058999999999999986e+01,1.058999999999999986e+01,1.058999999999999986e+01,1.058999999999999986e+01,1.058999999999999986e+01,1.058999999999999986e+01,1.058999999999999986e+01,1.058999999999999986e+01,1.058999999999999986e+01,1.389000000000000057e+01,1.389000000000000057e+01,1.389000000000000057e+01,1.389000000000000057e+01,6.200000000000000178e+00,6.200000000000000178e+00,6.200000000000000178e+00,6.200000000000000178e+00,6.200000000000000178e+00,6.200000000000000178e+00,6.200000000000000178e+00,6.200000000000000178e+00,6.200000000000000178e+00,6.200000000000000178e+00,6.200000000000000178e+00,6.200000000000000178e+00,6.200000000000000178e+00,6.200000000000000178e+00,6.200000000000000178e+00,6.200000000000000178e+00,6.200000000000000178e+00,6.200000000000000178e+00,4.929999999999999716e+00,4.929999999999999716e+00,4.929999999999999716e+00,4.929999999999999716e+00,4.929999999999999716e+00,4.929999999999999716e+00,5.860000000000000320e+00,5.860000000000000320e+00,5.860000000000000320e+00,5.860000000000000320e+00,5.860000000000000320e+00,5.860000000000000320e+00,5.860000000000000320e+00,5.860000000000000320e+00,5.860000000000000320e+00,5.860000000000000320e+00,3.640000000000000124e+00,3.640000000000000124e+00,3.750000000000000000e+00,3.970000000000000195e+00,3.970000000000000195e+00,3.970000000000000195e+00,3.970000000000000195e+00,3.970000000000000195e+00,3.970000000000000195e+00,3.970000000000000195e+00,3.970000000000000195e+00,3.970000000000000195e+00,3.970000000000000195e+00,3.970000000000000195e+00,3.970000000000000195e+00,6.959999999999999964e+00,6.959999999999999964e+00,6.959999999999999964e+00,6.959999999999999964e+00,6.959999999999999964e+00,6.410000000000000142e+00,6.410000000000000142e+00,6.410000000000000142e+00,6.410000000000000142e+00,6.410000000000000142e+00,3.330000000000000071e+00,3.330000000000000071e+00,3.330000000000000071e+00,3.330000000000000071e+00,1.209999999999999964e+00,2.970000000000000195e+00,2.250000000000000000e+00,1.760000000000000009e+00,5.320000000000000284e+00,5.320000000000000284e+00,5.320000000000000284e+00,4.950000000000000178e+00,4.950000000000000178e+00,4.950000000000000178e+00,1.391999999999999993e+01,1.391999999999999993e+01,1.391999999999999993e+01,1.391999999999999993e+01,1.391999999999999993e+01,2.240000000000000213e+00,2.240000000000000213e+00,2.240000000000000213e+00,6.089999999999999858e+00,6.089999999999999858e+00,6.089999999999999858e+00,2.180000000000000160e+00,2.180000000000000160e+00,2.180000000000000160e+00,2.180000000000000160e+00,9.900000000000000355e+00,9.900000000000000355e+00,9.900000000000000355e+00,9.900000000000000355e+00,9.900000000000000355e+00,9.900000000000000355e+00,9.900000000000000355e+00,9.900000000000000355e+00,9.900000000000000355e+00,9.900000000000000355e+00,9.900000000000000355e+00,9.900000000000000355e+00,7.379999999999999893e+00,7.379999999999999893e+00,7.379999999999999893e+00,7.379999999999999893e+00,7.379999999999999893e+00,7.379999999999999893e+00,7.379999999999999893e+00,7.379999999999999893e+00,3.240000000000000213e+00,3.240000000000000213e+00,3.240000000000000213e+00,6.059999999999999609e+00,6.059999999999999609e+00,5.190000000000000391e+00,5.190000000000000391e+00,5.190000000000000391e+00,5.190000000000000391e+00,5.190000000000000391e+00,5.190000000000000391e+00,5.190000000000000391e+00,5.190000000000000391e+00,1.520000000000000018e+00,1.889999999999999902e+00,3.779999999999999805e+00,3.779999999999999805e+00,4.389999999999999680e+00,4.389999999999999680e+00,4.150000000000000355e+00,2.009999999999999787e+00,1.250000000000000000e+00,1.250000000000000000e+00,1.689999999999999947e+00,1.689999999999999947e+00,2.020000000000000018e+00,1.909999999999999920e+00,1.909999999999999920e+00,1.810000000000000142e+01,1.810000000000000142e+01,1.810000000000000142e+01,1.810000000000000142e+01,1.810000000000000142e+01,1.810000000000000142e+01,1.810000000000000142e+01,1.810000000000000142e+01,1.810000000000000142e+01,1.810000000000000142e+01,1.810000000000000142e+01,1.810000000000000142e+01,1.810000000000000142e+01,1.810000000000000142e+01,1.810000000000000142e+01,1.810000000000000142e+01,1.810000000000000142e+01,1.810000000000000142e+01,1.810000000000000142e+01,1.810000000000000142e+01,1.810000000000000142e+01,1.810000000000000142e+01,1.810000000000000142e+01,1.810000000000000142e+01,1.810000000000000142e+01,1.810000000000000142e+01,1.810000000000000142e+01,1.810000000000000142e+01,1.810000000000000142e+01,1.810000000000000142e+01,1.810000000000000142e+01,1.810000000000000142e+01,1.810000000000000142e+01,1.810000000000000142e+01,1.810000000000000142e+01,1.810000000000000142e+01,1.810000000000000142e+01,1.810000000000000142e+01,1.810000000000000142e+01,1.810000000000000142e+01,1.810000000000000142e+01,1.810000000000000142e+01,1.810000000000000142e+01,1.810000000000000142e+01,1.810000000000000142e+01,1.810000000000000142e+01,1.810000000000000142e+01,1.810000000000000142e+01,1.810000000000000142e+01,1.810000000000000142e+01,1.810000000000000142e+01,1.810000000000000142e+01,1.810000000000000142e+01,1.810000000000000142e+01,1.810000000000000142e+01,1.810000000000000142e+01,1.810000000000000142e+01,1.810000000000000142e+01,1.810000000000000142e+01,1.810000000000000142e+01,1.810000000000000142e+01,1.810000000000000142e+01,1.810000000000000142e+01,1.810000000000000142e+01,1.810000000000000142e+01,1.810000000000000142e+01,1.810000000000000142e+01,1.810000000000000142e+01,1.810000000000000142e+01,1.810000000000000142e+01,1.810000000000000142e+01,1.810000000000000142e+01,1.810000000000000142e+01,1.810000000000000142e+01,1.810000000000000142e+01,1.810000000000000142e+01,1.810000000000000142e+01,1.810000000000000142e+01,1.810000000000000142e+01,1.810000000000000142e+01,1.810000000000000142e+01,1.810000000000000142e+01,1.810000000000000142e+01,1.810000000000000142e+01,1.810000000000000142e+01,1.810000000000000142e+01,1.810000000000000142e+01,1.810000000000000142e+01,1.810000000000000142e+01,1.810000000000000142e+01,1.810000000000000142e+01,1.810000000000000142e+01,1.810000000000000142e+01,1.810000000000000142e+01,1.810000000000000142e+01,1.810000000000000142e+01,1.810000000000000142e+01,1.810000000000000142e+01,1.810000000000000142e+01,1.810000000000000142e+01,1.810000000000000142e+01,1.810000000000000142e+01,1.810000000000000142e+01,1.810000000000000142e+01,1.810000000000000142e+01,1.810000000000000142e+01,1.810000000000000142e+01,1.810000000000000142e+01,1.810000000000000142e+01,1.810000000000000142e+01,1.810000000000000142e+01,1.810000000000000142e+01,1.810000000000000142e+01,1.810000000000000142e+01,1.810000000000000142e+01,1.810000000000000142e+01,1.810000000000000142e+01,1.810000000000000142e+01,1.810000000000000142e+01,1.810000000000000142e+01,1.810000000000000142e+01,1.810000000000000142e+01,1.810000000000000142e+01,1.810000000000000142e+01,1.810000000000000142e+01,1.810000000000000142e+01,1.810000000000000142e+01,1.810000000000000142e+01,1.810000000000000142e+01,1.810000000000000142e+01,1.810000000000000142e+01,1.810000000000000142e+01,2.773999999999999844e+01,2.773999999999999844e+01,2.773999999999999844e+01,2.773999999999999844e+01,2.773999999999999844e+01,9.689999999999999503e+00,9.689999999999999503e+00,9.689999999999999503e+00,9.689999999999999503e+00,9.689999999999999503e+00,9.689999999999999503e+00,9.689999999999999503e+00,9.689999999999999503e+00,1.192999999999999972e+01,1.192999999999999972e+01,1.192999999999999972e+01,1.192999999999999972e+01,1.192999999999999972e+01
0.000000000000000000e+00,0.000000000000000000e+00,0.000000000000000000e+00,0.000000000000000000e+00,0.000000000000000000e+00,0.000000000000000000e+00,0.000000000000000000e+00,0.000000000000000000e+00,0.000000000000000000e+00,0.000000000000000000e+00,0.000000000000000000e+00,0.000000000000000000e+00,0.000000000000000000e+00,0.000000000000000000e+00,0.000000000000000000e+00,0.000000000000000000e+00,0.000000000000000000e+00,0.000000000000000000e+00,0.000000000000000000e+00,0.000000000000000000e+00,0.000000000000000000e+00,0.000000000000000000e+00,0.000000000000000000e+00,0.000000000000000000e+00,0.000000000000000000e+00,0.000000000000000000e+00,0.000000000000000000e+00,0.000000000000000000e+00,0.000000000000000000e+00,0.000000000000000000e+00,0.000000000000000000e+00,0.000000000000000000e+00,0.000000000000000000e+00,0.000000000000000000e+00,0.000000000000000000e+00,0.000000000000000000e+00,0.000000000000000000e+00,0.000000000000000000e+00,0.000000000000000000e+00,0.000000000000000000e+00,0.000000000000000000e+00,0.000000000000000000e+00,0.000000000000000000e+00,0.000000000000000000e+00,0.000000000000000000e+00,0.000000000000000000e+00,0.000000000000000000e+00,0.000000000000000000e+00,0.000000000000000000e+00,0.000000000000000000e+00,0.000000000000000000e+00,0.000000000000000000e+00,0.000000000000000000e+00,0.000000000000000000e+00,0.000000000000000000e+00,0.000000000000000000e+00,0.000000000000000000e+00,0.000000000000000000e+00,0.000000000000000000e+00,0.000000000000000000e+00,0.000000000000000000e+00,0.000000000000000000e+00,0.000000000000000000e+00,0.000000000000000000e+00,0.000000000000000000e+00,0.000000000000000000e+00,0.000000000000000000e+00,0.000000000000000000e+00,0.000000000000000000e+00,0.000000000000000000e+00,0.000000000000000000e+00,0.000000000000000000e+00,0.000000000000000000e+00,0.000000000000000000e+00,0.000000000000000000e+00,0.000000000000000000e+00,0.000000000000000000e+00,0.000000000000000000e+00,0.000000000000000000e+00,0.000000000000000000e+00,0.000000000000000000e+00,0.000000000000000000e+00,0.000000000000000000e+00,0.000000000000000000e+00,0.000000000000000000e+00,0.000000000000000000e+00,0.000000000000000000e+00,0.000000000000000000e+00,0.000000000000000000e+00,0.000000000000000000e+00,0.000000000000000000e+00,0.000000000000000000e+00,0.000000000000000000e+00,0.000000000000000000e+00,0.000000000000000000e+00,0.000000000000000000e+00,0.000000000000000000e+00,0.000000000000000000e+00,0.000000000000000000e+00,0.000000000000000000e+00,0.000000000000000000e+00,0.000000000000000000e+00,0.000000000000000000e+00,0.000000000000000000e+00,0.000000000000000000e+00,0.000000000000000000e+00,0.000000000000000000e+00,0.000000000000000000e+00,0.000000000000000000e+00,0.000000000000000000e+00,0.000000000000000000e+00,0.000000000000000000e+00,0.000000000000000000e+00,0.000000000000000000e+00,0.000000000000000000e+00,0.000000000000000000e+00,0.000000000000000000e+00,0.000000000000000000e+00,0.000000000000000000e+00,0.000000000000000000e+00,0.000000000000000000e+00,0.000000000000000000e+00,0.000000000000000000e+00,0.000000000000000000e+00,0.000000000000000000e+00,0.000000000000000000e+00,0.000000000000000000e+00,0.000000000000000000e+00,0.000000000000000000e+00,0.000000000000000000e+00,0.000000000000000000e+00,0.000000000000000000e+00,0.000000000000000000e+00,0.000000000000000000e+00,0.000000000000000000e+00,0.000000000000000000e+00,0.000000000000000000e+00,0.000000000000000000e+00,0.000000000000000000e+00,0.000000000000000000e+00,0.000000000000000000e+00,0.000000000000000000e+00,1.000000000000000000e+00,0.000000000000000000e+00,0.000000000000000000e+00,0.000000000000000000e+00,0.000000000000000000e+00,0.000000000000000000e+00,0.000000000000000000e+00,0.000000000000000000e+00,0.000000000000000000e+00,0.000000000000000000e+00,1.000000000000000000e+00,0.000000000000000000e+00,1.000000000000000000e+00,1.000000000000000000e+00,0.000000000000000000e+00,0.000000000000000000e+00,0.000000000000000000e+00,0.000000000000000000e+00,1.000000000000000000e+00,0.000000000000000000e+00,1.000000000000000000e+00,1.000000000000000000e+00,0.000000000000000000e+00,0.000000000000000000e+00,0.000000000000000000e+00,0.000000000000000000e+00,0.000000000000000000e+00,0.000000000000000000e+00,0.000000000000000000e+00,0.000000000000000000e+00,0.000000000000000000e+00,0.000000000000000000e+00,0.000000000000000000e+00,0.000000000000000000e+00,0.000000000000000000e+00,0.000000000000000000e+00,0.000000000000000000e+00,0.000000000000000000e+00,0.000000000000000000e+00,0.000000000000000000e+00,0.000000000000000000e+00,0.000000000000000000e+00,0.000000000000000000e+00,0.000000000000000000e+00,0.000000000000000000e+00,0.000000000000000000e+00,0.000000000000000000e+00,0.000000000000000000e+00,0.000000000000000000e+00,0.000000000000000000e+00,0.000000000000000000e+00,0.000000000000000000e+00,0.000000000000000000e+00,0.000000000000000000e+00,0.000000000000000000e+00,0.000000000000000000e+00,0.000000000000000000e+00,0.000000000000000000e+00,0.000000000000000000e+00,0.000000000000000000e+00,0.000000000000000000e+00,0.000000000000000000e+00,0.000000000000000000e+00,0.000000000000000000e+00,0.000000000000000000e+00,0.000000000000000000e+00,1.000000000000000000e+00,1.000000000000000000e+00,1.000000000000000000e+00,1.000000000000000000e+00,1.000000000000000000e+00,0.000000000000000000e+00,0.000000000000000000e+00,0.000000000000000000e+00,1.000000000000000000e+00,0.000000000000000000e+00,1.000000000000000000e+00,1.000000000000000000e+00,1.000000000000000000e+00,1.000000000000000000e+00,1.000000000000000000e+00,0.000000000000000000e+00,0.000000000000000000e+00,0.000000000000000000e+00,0.000000000000000000e+00,0.000000000000000000e+00,0.000000000000000000e+00,0.000000000000000000e+00,0.000000000000000000e+00,0.000000000000000000e+00,0.000000000000000000e+00,0.000000000000000000e+00,1.000000000000000000e+00,0.000000000000000000e+00,1.000000000000000000e+00,0.000000000000000000e+00,0.000000000000000000e+00,0.000000000000000000e+00,0.000000000000000000e+00,0.000000000000000000e+00,0.000000000000000000e+00,0.000000000000000000e+00,0.000000000000000000e+00,0.000000000000000000e+00,0.000000000000000000e+00,0.000000000000000000e+00,0.000000000000000000e+00,0.000000000000000000e+00,0.000000000000000000e+00,0.000000000000000000e+00,0.000000000000000000e+00,0.000000000000000000e+00,0.000000000000000000e+00,0.000000000000000000e+00,0.000000000000000000e+00,0.000000000000000000e+00,0.000000000000000000e+00,0.000000000000000000e+00,0.000000000000000000e+00,0.000000000000000000e+00,0.000000000000000000e+00,0.000000000000000000e+00,0.000000000000000000e+00,0.000000000000000000e+00,0.000000000000000000e+00,0.000000000000000000e+00,0.000000000000000000e+00,1.000000000000000000e+00,0.000000000000000000e+00,0.000000000000000000e+00,0.000000000000000000e+00,1.000000000000000000e+00,1.000000000000000000e+00,0.000000000000000000e+00,1.000000000000000000e+00,1.000000000000000000e+00,0.000000000000000000e+00,0.000000000000000000e+00,0.000000000000000000e+00,0.000000000000000000e+00,1.000000000000000000e+00,1.000000000000000000e+00,0.000000000000000000e+00,0.000000000000000000e+00,0.000000000000000000e+00,0.000000000000000000e+00,0.000000000000000000e+00,0.000000000000000000e+00,0.000000000000000000e+00,0.000000000000000000e+00,0.000000000000000000e+00,0.000000000000000000e+00,0.000000000000000000e+00,0.000000000000000000e+00,0.000000000000000000e+00,0.000000000000000000e+00,0.000000000000000000e+00,0.000000000000000000e+00,0.000000000000000000e+00,0.000000000000000000e+00,0.000000000000000000e+00,0.000000000000000000e+00,0.000000000000000000e+00,0.000000000000000000e+00,0.000000000000000000e+00,0.000000000000000000e+00,0.000000000000000000e+00,0.000000000000000000e+00,0.000000000000000000e+00,0.000000000000000000e+00,0.000000000000000000e+00,0.000000000000000000e+00,0.000000000000000000e+00,0.000000000000000000e+00,0.000000000000000000e+00,0.000000000000000000e+00,0.000000000000000000e+00,0.000000000000000000e+00,0.000000000000000000e+00,0.000000000000000000e+00,0.000000000000000000e+00,0.000000000000000000e+00,0.000000000000000000e+00,0.000000000000000000e+00,0.000000000000000000e+00,0.000000000000000000e+00,0.000000000000000000e+00,0.000000000000000000e+00,0.000000000000000000e+00,0.000000000000000000e+00,0.000000000000000000e+00,0.000000000000000000e+00,0.000000000000000000e+00,0.000000000000000000e+00,0.000000000000000000e+00,0.000000000000000000e+00,0.000000000000000000e+00,0.000000000000000000e+00,0.000000000000000000e+00,0.000000000000000000e+00,0.000000000000000000e+00,0.000000000000000000e+00,0.000000000000000000e+00,0.000000000000000000e+00,0.000000000000000000e+00,0.000000000000000000e+00,0.000000000000000000e+00,0.000000000000000000e+00,0.000000000000000000e+00,0.000000000000000000e+00,0.000000000000000000e+00,0.000000000000000000e+00,0.000000000000000000e+00,0.000000000000000000e+00,1.000000000000000000e+00,1.000000000000000000e+00,1.000000000000000000e+00,0.000000000000000000e+00,0.000000000000000000e+00,0.000000000000000000e+00,0.000000000000000000e+00,1.000000000000000000e+00,1.000000000000000000e+00,0.000000000000000000e+00,0.000000000000000000e+00,0.000000000000000000e+00,0.000000000000000000e+00,1.000000000000000000e+00,1.000000000000000000e+00,0.000000000000000000e+00,1.000000000000000000e+00,0.000000000000000000e+00,0.000000000000000000e+00,0.000000000000000000e+00,0.000000000000000000e+00,0.000000000000000000e+00,0.000000000000000000e+00,0.000000000000000000e+00,0.000000000000000000e+00,0.000000000000000000e+00,0.000000000000000000e+00,0.000000000000000000e+00,0.000000000000000000e+00,0.000000000000000000e+00,0.000000000000000000e+00,0.000000000000000000e+00,0.000000000000000000e+00,0.000000000000000000e+00,0.000000000000000000e+00,0.000000000000000000e+00,0.000000000000000000e+00,0.000000000000000000e+00,0.000000000000000000e+00,0.000000000000000000e+00,0.000000000000000000e+00,0.000000000000000000e+00,0.000000000000000000e+00,0.000000000000000000e+00,0.000000000000000000e+00,0.000000000000000000e+00,0.000000000000000000e+00,0.000000000000000000e+00,0.000000000000000000e+00,0.000000000000000000e+00,0.000000000000000000e+00,0.000000000000000000e+00,0.000000000000000000e+00,0.000000000000000000e+00,0.000000000000000000e+00,0.000000000000000000e+00,0.000000000000000000e+00,0.000000000000000000e+00,0.000000000000000000e+00,0.000000000000000000e+00,0.000000000000000000e+00,0.000000000000000000e+00,0.000000000000000000e+00,0.000000000000000000e+00,0.000000000000000000e+00,0.000000000000000000e+00,0.000000000000000000e+00,0.000000000000000000e+00,0.000000000000000000e+00,0.000000000000000000e+00,0.000000000000000000e+00,0.000000000000000000e+00,0.000000000000000000e+00,0.000000000000000000e+00,0.000000000000000000e+00,0.000000000000000000e+00,0.000000000000000000e+00,0.000000000000000000e+00,0.000000000000000000e+00,0.000000000000000000e+00,0.000000000000000000e+00,0.000000000000000000e+00,0.000000000000000000e+00,0.000000000000000000e+00,0.000000000000000000e+00,0.000000000000000000e+00,0.000000000000000000e+00,0.000000000000000000e+00,0.000000000000000000e+00,0.000000000000000000e+00,0.000000000000000000e+00,0.000000000000000000e+00,0.000000000000000000e+00,0.000000000000000000e+00,0.000000000000000000e+00,0.000000000000000000e+00,0.000000000000000000e+00,0.000000000000000000e+00,0.000000000000000000e+00,0.000000000000000000e+00,0.000000000000000000e+00,0.000000000000000000e+00,0.000000000000000000e+00,0.000000000000000000e+00,0.000000000000000000e+00,0.000000000000000000e+00,0.000000000000000000e+00,0.000000000000000000e+00,0.000000000000000000e+00,0.000000000000000000e+00,0.000000000000000000e+00,0.000000000000000000e+00,0.000000000000000000e+00,0.000000000000000000e+00,0.000000000000000000e+00,0.000000000000000000e+00,0.000000000000000000e+00,0.000000000000000000e+00,0.000000000000000000e+00,0.000000000000000000e+00,0.000000000000000000e+00,0.000000000000000000e+00,0.000000000000000000e+00,0.000000000000000000e+00,0.000000000000000000e+00,0.000000000000000000e+00,0.000000000000000000e+00,0.000000000000000000e+00,0.000000000000000000e+00,0.000000000000000000e+00,0.000000000000000000e+00,0.000000000000000000e+00,0.000000000000000000e+00,0.000000000000000000e+00,0.000000000000000000e+00,0.000000000000000000e+00,0.000000000000000000e+00,0.000000000000000000e+00,0.000000000000000000e+00,0.000000000000000000e+00,0.000000000000000000e+00,0.000000000000000000e+00,0.000000000000000000e+00,0.000000000000000000e+00,0.000000000000000000e+00,0.000000000000000000e+00,0.000000000000000000e+00,0.000000000000000000e+00,0.000000000000000000e+00,0.000000000000000000e+00
5.380000000000000338e-01,4.689999999999999725e-01,4.689999999999999725e-01,4.580000000000000182e-01,4.580000000000000182e-01,4.580000000000000182e-01,5.240000000000000213e-01,5.240000000000000213e-01,5.240000000000000213e-01,5.240000000000000213e-01,5.240000000000000213e-01,5.240000000000000213e-01,5.240000000000000213e-01,5.380000000000000338e-01,5.380000000000000338e-01,5.380000000000000338e-01,5.380000000000000338e-01,5.380000000000000338e-01,5.380000000000000338e-01,5.380000000000000338e-01,5.380000000000000338e-01,5.380000000000000338e-01,5.380000000000000338e-01,5.380000000000000338e-01,5.380000000000000338e-01,5.380000000000000338e-01,5.380000000000000338e-01,5.380000000000000338e-01,5.380000000000000338e-01,5.380000000000000338e-01,5.380000000000000338e-01,5.380000000000000338e-01,5.380000000000000338e-01,5.380000000000000338e-01,5.380000000000000338e-01,4.989999999999999991e-01,4.989999999999999991e-01,4.989999999999999991e-01,4.989999999999999991e-01,4.279999999999999916e-01,4.279999999999999916e-01,4.480000000000000093e-01,4.480000000000000093e-01,4.480000000000000093e-01,4.480000000000000093e-01,4.480000000000000093e-01,4.480000000000000093e-01,4.480000000000000093e-01,4.480000000000000093e-01,4.480000000000000093e-01,4.390000000000000013e-01,4.390000000000000013e-01,4.390000000000000013e-01,4.390000000000000013e-01,4.099999999999999756e-01,4.030000000000000249e-01,4.099999999999999756e-01,4.109999999999999765e-01,4.530000000000000138e-01,4.530000000000000138e-01,4.530000000000000138e-01,4.530000000000000138e-01,4.530000000000000138e-01,4.530000000000000138e-01,4.161000000000000254e-01,3.980000000000000204e-01,3.980000000000000204e-01,4.089999999999999747e-01,4.089999999999999747e-01,4.089999999999999747e-01,4.129999999999999782e-01,4.129999999999999782e-01,4.129999999999999782e-01,4.129999999999999782e-01,4.369999999999999996e-01,4.369999999999999996e-01,4.369999999999999996e-01,4.369999999999999996e-01,4.369999999999999996e-01,4.369999999999999996e-01,4.259999999999999898e-01,4.259999999999999898e-01,4.259999999999999898e-01,4.259999999999999898e-01,4.490000000000000102e-01,4.490000000000000102e-01,4.490000000000000102e-01,4.490000000000000102e-01,4.889999999999999902e-01,4.889999999999999902e-01,4.889999999999999902e-01,4.889999999999999902e-01,4.640000000000000235e-01,4.640000000000000235e-01,4.640000000000000235e-01,4.450000000000000067e-01,4.450000000000000067e-01,4.450000000000000067e-01,4.450000000000000067e-01,4.450000000000000067e-01,5.200000000000000178e-01,5.200000000000000178e-01,5.200000000000000178e-01,5.200000000000000178e-01,5.200000000000000178e-01,5.200000000000000178e-01,5.200000000000000178e-01,5.200000000000000178e-01,5.200000000000000178e-01,5.200000000000000178e-01,5.200000000000000178e-01,5.470000000000000417e-01,5.470000000000000417e-01,5.470000000000000417e-01,5.470000000000000417e-01,5.470000000000000417e-01,5.470000000000000417e-01,5.470000000000000417e-01,5.470000000000000417e-01,5.470000000000000417e-01,5.809999999999999609e-01,5.809999999999999609e-01,5.809999999999999609e-01,5.809999999999999609e-01,5.809999999999999609e-01,5.809999999999999609e-01,5.809999999999999609e-01,6.239999999999999991e-01,6.239999999999999991e-01,6.239999999999999991e-01,6.239999999999999991e-01,6.239999999999999991e-01,6.239999999999999991e-01,6.239999999999999991e-01,6.239999999999999991e-01,6.239999999999999991e-01,6.239999999999999991e-01,6.239999999999999991e-01,6.239999999999999991e-01,6.239999999999999991e-01,6.239999999999999991e-01,6.239999999999999991e-01,8.709999999999999964e-01,8.709999999999999964e-01,8.709999999999999964e-01,8.709999999999999964e-01,8.709999999999999964e-01,8.709999999999999964e-01,8.709999999999999964e-01,8.709999999999999964e-01,8.709999999999999964e-01,8.709999999999999964e-01,8.709999999999999964e-01,8.709999999999999964e-01,8.709999999999999964e-01,8.709999999999999964e-01,8.709999999999999964e-01,6.049999999999999822e-01,6.049999999999999822e-01,8.709999999999999964e-01,6.049999999999999822e-01,6.049999999999999822e-01,6.049999999999999822e-01,6.049999999999999822e-01,6.049999999999999822e-01,6.049999999999999822e-01,6.049999999999999822e-01,6.049999999999999822e-01,6.049999999999999822e-01,6.049999999999999822e-01,6.049999999999999822e-01,6.049999999999999822e-01,5.100000000000000089e-01,5.100000000000000089e-01,5.100000000000000089e-01,5.100000000000000089e-01,5.100000000000000089e-01,5.100000000000000089e-01,5.100000000000000089e-01,4.879999999999999893e-01,4.879999999999999893e-01,4.879999999999999893e-01,4.879999999999999893e-01,4.879999999999999893e-01,4.879999999999999893e-01,4.879999999999999893e-01,4.879999999999999893e-01,4.369999999999999996e-01,4.369999999999999996e-01,4.369999999999999996e-01,4.369999999999999996e-01,4.369999999999999996e-01,4.369999999999999996e-01,4.010000000000000231e-01,4.010000000000000231e-01,4.219999999999999862e-01,4.040000000000000258e-01,4.040000000000000258e-01,4.040000000000000258e-01,4.030000000000000249e-01,4.030000000000000249e-01,4.149999999999999800e-01,4.149999999999999800e-01,4.161000000000000254e-01,4.161000000000000254e-01,4.889999999999999902e-01,4.889999999999999902e-01,4.889999999999999902e-01,4.889999999999999902e-01,4.889999999999999902e-01,4.889999999999999902e-01,4.889999999999999902e-01,4.889999999999999902e-01,4.889999999999999902e-01,4.889999999999999902e-01,4.889999999999999902e-01,5.500000000000000444e-01,5.500000000000000444e-01,5.500000000000000444e-01,5.500000000000000444e-01,5.070000000000000062e-01,5.070000000000000062e-01,5.070000000000000062e-01,5.070000000000000062e-01,5.040000000000000036e-01,5.040000000000000036e-01,5.040000000000000036e-01,5.040000000000000036e-01,5.040000000000000036e-01,5.040000000000000036e-01,5.040000000000000036e-01,5.040000000000000036e-01,5.070000000000000062e-01,5.070000000000000062e-01,5.070000000000000062e-01,5.070000000000000062e-01,5.070000000000000062e-01,5.070000000000000062e-01,4.279999999999999916e-01,4.279999999999999916e-01,4.279999999999999916e-01,4.279999999999999916e-01,4.279999999999999916e-01,4.279999999999999916e-01,4.309999999999999942e-01,4.309999999999999942e-01,4.309999999999999942e-01,4.309999999999999942e-01,4.309999999999999942e-01,4.309999999999999942e-01,4.309999999999999942e-01,4.309999999999999942e-01,4.309999999999999942e-01,4.309999999999999942e-01,3.920000000000000151e-01,3.920000000000000151e-01,3.940000000000000169e-01,6.470000000000000195e-01,6.470000000000000195e-01,6.470000000000000195e-01,6.470000000000000195e-01,6.470000000000000195e-01,6.470000000000000195e-01,6.470000000000000195e-01,6.470000000000000195e-01,6.470000000000000195e-01,6.470000000000000195e-01,5.749999999999999556e-01,5.749999999999999556e-01,4.640000000000000235e-01,4.640000000000000235e-01,4.640000000000000235e-01,4.640000000000000235e-01,4.640000000000000235e-01,4.470000000000000084e-01,4.470000000000000084e-01,4.470000000000000084e-01,4.470000000000000084e-01,4.470000000000000084e-01,4.429000000000000159e-01,4.429000000000000159e-01,4.429000000000000159e-01,4.429000000000000159e-01,4.010000000000000231e-01,4.000000000000000222e-01,3.890000000000000124e-01,3.850000000000000089e-01,4.050000000000000266e-01,4.050000000000000266e-01,4.050000000000000266e-01,4.109999999999999765e-01,4.109999999999999765e-01,4.109999999999999765e-01,4.369999999999999996e-01,4.369999999999999996e-01,4.369999999999999996e-01,4.369999999999999996e-01,4.369999999999999996e-01,4.000000000000000222e-01,4.000000000000000222e-01,4.000000000000000222e-01,4.329999999999999960e-01,4.329999999999999960e-01,4.329999999999999960e-01,4.719999999999999751e-01,4.719999999999999751e-01,4.719999999999999751e-01,4.719999999999999751e-01,5.440000000000000391e-01,5.440000000000000391e-01,5.440000000000000391e-01,5.440000000000000391e-01,5.440000000000000391e-01,5.440000000000000391e-01,5.440000000000000391e-01,5.440000000000000391e-01,5.440000000000000391e-01,5.440000000000000391e-01,5.440000000000000391e-01,5.440000000000000391e-01,4.929999999999999938e-01,4.929999999999999938e-01,4.929999999999999938e-01,4.929999999999999938e-01,4.929999999999999938e-01,4.929999999999999938e-01,4.929999999999999938e-01,4.929999999999999938e-01,4.600000000000000200e-01,4.600000000000000200e-01,4.600000000000000200e-01,4.379000000000000115e-01,4.379000000000000115e-01,5.150000000000000133e-01,5.150000000000000133e-01,5.150000000000000133e-01,5.150000000000000133e-01,5.150000000000000133e-01,5.150000000000000133e-01,5.150000000000000133e-01,5.150000000000000133e-01,4.420000000000000040e-01,5.180000000000000160e-01,4.839999999999999858e-01,4.839999999999999858e-01,4.420000000000000040e-01,4.420000000000000040e-01,4.289999999999999925e-01,4.349999999999999978e-01,4.289999999999999925e-01,4.289999999999999925e-01,4.109999999999999765e-01,4.109999999999999765e-01,4.099999999999999756e-01,4.129999999999999782e-01,4.129999999999999782e-01,7.700000000000000178e-01,7.700000000000000178e-01,7.700000000000000178e-01,7.700000000000000178e-01,7.700000000000000178e-01,7.700000000000000178e-01,7.700000000000000178e-01,7.700000000000000178e-01,7.179999999999999716e-01,7.179999999999999716e-01,7.179999999999999716e-01,6.310000000000000053e-01,6.310000000000000053e-01,6.310000000000000053e-01,6.310000000000000053e-01,6.310000000000000053e-01,6.680000000000000382e-01,6.680000000000000382e-01,6.680000000000000382e-01,6.710000000000000409e-01,6.710000000000000409e-01,6.710000000000000409e-01,6.710000000000000409e-01,6.710000000000000409e-01,6.710000000000000409e-01,6.710000000000000409e-01,6.999999999999999556e-01,6.999999999999999556e-01,6.999999999999999556e-01,6.999999999999999556e-01,6.999999999999999556e-01,6.999999999999999556e-01,6.999999999999999556e-01,6.999999999999999556e-01,6.999999999999999556e-01,6.999999999999999556e-01,6.999999999999999556e-01,6.929999999999999494e-01,6.929999999999999494e-01,6.929999999999999494e-01,6.929999999999999494e-01,6.929999999999999494e-01,6.929999999999999494e-01,6.929999999999999494e-01,6.929999999999999494e-01,6.929999999999999494e-01,6.929999999999999494e-01,6.929999999999999494e-01,6.929999999999999494e-01,6.929999999999999494e-01,6.590000000000000302e-01,6.590000000000000302e-01,5.969999999999999751e-01,5.969999999999999751e-01,5.969999999999999751e-01,5.969999999999999751e-01,5.969999999999999751e-01,5.969999999999999751e-01,6.929999999999999494e-01,6.790000000000000480e-01,6.790000000000000480e-01,6.790000000000000480e-01,6.790000000000000480e-01,7.179999999999999716e-01,7.179999999999999716e-01,7.179999999999999716e-01,6.139999999999999902e-01,6.139999999999999902e-01,5.839999999999999636e-01,6.790000000000000480e-01,5.839999999999999636e-01,6.790000000000000480e-01,6.790000000000000480e-01,6.790000000000000480e-01,5.839999999999999636e-01,5.839999999999999636e-01,5.839999999999999636e-01,7.129999999999999671e-01,7.129999999999999671e-01,7.399999999999999911e-01,7.399999999999999911e-01,7.399999999999999911e-01,7.399999999999999911e-01,7.399999999999999911e-01,7.399999999999999911e-01,7.399999999999999911e-01,7.399999999999999911e-01,7.399999999999999911e-01,7.399999999999999911e-01,7.399999999999999911e-01,7.399999999999999911e-01,7.399999999999999911e-01,7.129999999999999671e-01,7.129999999999999671e-01,7.129999999999999671e-01,7.129999999999999671e-01,7.129999999999999671e-01,7.129999999999999671e-01,7.129999999999999671e-01,7.129999999999999671e-01,7.129999999999999671e-01,7.129999999999999671e-01,7.129999999999999671e-01,7.129999999999999671e-01,7.129999999999999671e-01,7.129999999999999671e-01,7.129999999999999671e-01,7.129999999999999671e-01,6.550000000000000266e-01,6.550000000000000266e-01,6.550000000000000266e-01,5.839999999999999636e-01,5.799999999999999600e-01,5.799999999999999600e-01,5.799999999999999600e-01,5.320000000000000284e-01,5.799999999999999600e-01,6.139999999999999902e-01,5.839999999999999636e-01,5.839999999999999636e-01,6.139999999999999902e-01,6.139999999999999902e-01,6.139999999999999902e-01,6.139999999999999902e-01,5.320000000000000284e-01,5.320000000000000284e-01,5.320000000000000284e-01,5.320000000000000284e-01,5.829999999999999627e-01,5.829999999999999627e-01,5.829999999999999627e-01,5.829999999999999627e-01,6.089999999999999858e-01,6.089999999999999858e-01,6.089999999999999858e-01,6.089999999999999858e-01,6.089999999999999858e-01,5.849999999999999645e-01,5.849999999999999645e-01,5.849999999999999645e-01,5.849999999999999645e-01,5.849999999999999645e-01,5.849999999999999645e-01,5.849999999999999645e-01,5.849999999999999645e-01,5.729999999999999538e-01,5.729999999999999538e-01,5.729999999999999538e-01,5.729999999999999538e-01,5.729999999999999538e-01
6.575000000000000178e+00,6.421000000000000263e+00,7.184999999999999609e+00,6.998000000000000220e+00,7.147000000000000242e+00,6.429999999999999716e+00,6.011999999999999567e+00,6.171999999999999709e+00,5.631000000000000227e+00,6.003999999999999559e+00,6.376999999999999780e+00,6.009000000000000341e+00,5.889000000000000234e+00,5.948999999999999844e+00,6.096000000000000085e+00,5.833999999999999631e+00,5.934999999999999609e+00,5.990000000000000213e+00,5.456000000000000405e+00,5.727000000000000313e+00,5.570000000000000284e+00,5.964999999999999858e+00,6.142000000000000348e+00,5.812999999999999723e+00,5.924000000000000377e+00,5.599000000000000199e+00,5.812999999999999723e+00,6.046999999999999709e+00,6.495000000000000107e+00,6.674000000000000377e+00,5.713000000000000078e+00,6.072000000000000064e+00,5.950000000000000178e+00,5.700999999999999623e+00,6.096000000000000085e+00,5.932999999999999829e+00,5.841000000000000192e+00,5.849999999999999645e+00,5.966000000000000192e+00,6.594999999999999751e+00,7.024000000000000021e+00,6.769999999999999574e+00,6.168999999999999595e+00,6.211000000000000298e+00,6.068999999999999950e+00,5.682000000000000384e+00,5.785999999999999588e+00,6.030000000000000249e+00,5.399000000000000021e+00,5.602000000000000313e+00,5.963000000000000078e+00,6.115000000000000213e+00,6.511000000000000121e+00,5.998000000000000220e+00,5.887999999999999901e+00,7.248999999999999666e+00,6.383000000000000007e+00,6.815999999999999837e+00,6.144999999999999574e+00,5.926999999999999602e+00,5.740999999999999659e+00,5.966000000000000192e+00,6.456000000000000405e+00,6.761999999999999567e+00,7.104000000000000092e+00,6.290000000000000036e+00,5.786999999999999922e+00,5.878000000000000114e+00,5.594000000000000306e+00,5.884999999999999787e+00,6.416999999999999815e+00,5.961000000000000298e+00,6.065000000000000391e+00,6.245000000000000107e+00,6.272999999999999687e+00,6.285999999999999588e+00,6.278999999999999915e+00,6.139999999999999680e+00,6.232000000000000206e+00,5.873999999999999666e+00,6.727000000000000313e+00,6.618999999999999773e+00,6.301999999999999602e+00,6.166999999999999815e+00,6.389000000000000234e+00,6.629999999999999893e+00,6.014999999999999680e+00,6.121000000000000441e+00,7.006999999999999673e+00,7.078999999999999737e+00,6.416999999999999815e+00,6.405000000000000249e+00,6.442000000000000171e+00,6.211000000000000298e+00,6.248999999999999666e+00,6.625000000000000000e+00,6.163000000000000256e+00,8.069000000000000838e+00,7.820000000000000284e+00,7.416000000000000369e+00,6.727000000000000313e+00,6.780999999999999694e+00,6.405000000000000249e+00,6.136999999999999567e+00,6.166999999999999815e+00,5.850999999999999979e+00,5.836000000000000298e+00,6.126999999999999780e+00,6.474000000000000199e+00,6.229000000000000092e+00,6.195000000000000284e+00,6.714999999999999858e+00,5.913000000000000256e+00,6.091999999999999638e+00,6.253999999999999559e+00,5.927999999999999936e+00,6.176000000000000156e+00,6.020999999999999908e+00,5.871999999999999886e+00,5.730999999999999872e+00,5.870000000000000107e+00,6.003999999999999559e+00,5.961000000000000298e+00,5.855999999999999872e+00,5.878999999999999559e+00,5.985999999999999766e+00,5.613000000000000433e+00,5.692999999999999616e+00,6.431000000000000050e+00,5.636999999999999567e+00,6.458000000000000185e+00,6.325999999999999623e+00,6.371999999999999886e+00,5.822000000000000064e+00,5.756999999999999673e+00,6.334999999999999964e+00,5.942000000000000171e+00,6.453999999999999737e+00,5.857000000000000206e+00,6.150999999999999801e+00,6.174000000000000377e+00,5.019000000000000128e+00,5.402999999999999581e+00,5.467999999999999972e+00,4.902999999999999581e+00,6.129999999999999893e+00,5.628000000000000114e+00,4.926000000000000156e+00,5.185999999999999943e+00,5.597000000000000419e+00,6.121999999999999886e+00,5.403999999999999915e+00,5.011999999999999567e+00,5.708999999999999631e+00,6.128999999999999559e+00,6.152000000000000135e+00,5.272000000000000242e+00,6.942999999999999616e+00,6.065999999999999837e+00,6.509999999999999787e+00,6.250000000000000000e+00,7.488999999999999879e+00,7.801999999999999602e+00,8.375000000000000000e+00,5.854000000000000092e+00,6.100999999999999979e+00,7.929000000000000270e+00,5.876999999999999780e+00,6.318999999999999950e+00,6.402000000000000135e+00,5.875000000000000000e+00,5.879999999999999893e+00,5.572000000000000064e+00,6.416000000000000369e+00,5.858999999999999986e+00,6.546000000000000263e+00,6.019999999999999574e+00,6.315000000000000391e+00,6.860000000000000320e+00,6.980000000000000426e+00,7.764999999999999680e+00,6.144000000000000128e+00,7.155000000000000249e+00,6.562999999999999723e+00,5.604000000000000092e+00,6.152999999999999581e+00,7.831000000000000405e+00,6.782000000000000028e+00,6.556000000000000050e+00,7.184999999999999609e+00,6.950999999999999623e+00,6.738999999999999879e+00,7.177999999999999936e+00,6.799999999999999822e+00,6.604000000000000092e+00,7.875000000000000000e+00,7.286999999999999922e+00,7.107000000000000206e+00,7.274000000000000021e+00,6.974999999999999645e+00,7.134999999999999787e+00,6.161999999999999922e+00,7.610000000000000320e+00,7.852999999999999758e+00,8.034000000000000696e+00,5.891000000000000014e+00,6.325999999999999623e+00,5.783000000000000362e+00,6.064000000000000057e+00,5.344000000000000306e+00,5.959999999999999964e+00,5.403999999999999915e+00,5.807000000000000384e+00,6.375000000000000000e+00,5.411999999999999922e+00,6.182000000000000384e+00,5.887999999999999901e+00,6.642000000000000348e+00,5.950999999999999623e+00,6.373000000000000220e+00,6.950999999999999623e+00,6.163999999999999702e+00,6.878999999999999559e+00,6.618000000000000327e+00,8.266000000000000014e+00,8.724999999999999645e+00,8.039999999999999147e+00,7.163000000000000256e+00,7.685999999999999943e+00,6.551999999999999602e+00,5.980999999999999872e+00,7.411999999999999922e+00,8.336999999999999744e+00,8.246999999999999886e+00,6.725999999999999979e+00,6.086000000000000298e+00,6.631000000000000227e+00,7.357999999999999652e+00,6.480999999999999872e+00,6.605999999999999872e+00,6.897000000000000242e+00,6.094999999999999751e+00,6.357999999999999652e+00,6.392999999999999794e+00,5.592999999999999972e+00,5.605000000000000426e+00,6.107999999999999652e+00,6.225999999999999979e+00,6.432999999999999829e+00,6.717999999999999972e+00,6.487000000000000099e+00,6.437999999999999723e+00,6.956999999999999851e+00,8.259000000000000341e+00,6.107999999999999652e+00,5.876000000000000334e+00,7.453999999999999737e+00,8.704000000000000625e+00,7.333000000000000185e+00,6.841999999999999638e+00,7.203000000000000291e+00,7.519999999999999574e+00,8.397999999999999687e+00,7.326999999999999957e+00,7.206000000000000405e+00,5.559999999999999609e+00,7.014000000000000234e+00,8.297000000000000597e+00,7.469999999999999751e+00,5.919999999999999929e+00,5.855999999999999872e+00,6.240000000000000213e+00,6.538000000000000256e+00,7.690999999999999837e+00,6.758000000000000007e+00,6.854000000000000092e+00,7.267000000000000348e+00,6.825999999999999623e+00,6.482000000000000206e+00,6.812000000000000277e+00,7.820000000000000284e+00,6.967999999999999972e+00,7.644999999999999574e+00,7.923000000000000043e+00,7.088000000000000078e+00,6.453000000000000291e+00,6.230000000000000426e+00,6.208999999999999631e+00,6.315000000000000391e+00,6.565000000000000391e+00,6.860999999999999766e+00,7.147999999999999687e+00,6.629999999999999893e+00,6.126999999999999780e+00,6.009000000000000341e+00,6.677999999999999936e+00,6.549000000000000377e+00,5.790000000000000036e+00,6.344999999999999751e+00,7.041000000000000369e+00,6.871000000000000441e+00,6.589999999999999858e+00,6.495000000000000107e+00,6.982000000000000206e+00,7.235999999999999766e+00,6.615999999999999659e+00,7.419999999999999929e+00,6.849000000000000199e+00,6.634999999999999787e+00,5.972000000000000419e+00,4.972999999999999865e+00,6.121999999999999886e+00,6.022999999999999687e+00,6.266000000000000014e+00,6.567000000000000171e+00,5.705000000000000071e+00,5.913999999999999702e+00,5.782000000000000028e+00,6.381999999999999673e+00,6.113000000000000433e+00,6.426000000000000156e+00,6.376000000000000334e+00,6.041000000000000369e+00,5.708000000000000185e+00,6.415000000000000036e+00,6.431000000000000050e+00,6.312000000000000277e+00,6.083000000000000185e+00,5.868000000000000327e+00,6.333000000000000185e+00,6.144000000000000128e+00,5.706000000000000405e+00,6.030999999999999694e+00,6.315999999999999837e+00,6.309999999999999609e+00,6.036999999999999922e+00,5.868999999999999773e+00,5.894999999999999574e+00,6.059000000000000163e+00,5.985000000000000320e+00,5.967999999999999972e+00,7.240999999999999659e+00,6.540000000000000036e+00,6.695999999999999730e+00,6.873999999999999666e+00,6.014000000000000234e+00,5.897999999999999687e+00,6.516000000000000014e+00,6.634999999999999787e+00,6.939000000000000057e+00,6.490000000000000213e+00,6.578999999999999737e+00,5.884000000000000341e+00,6.727999999999999758e+00,5.663000000000000256e+00,5.935999999999999943e+00,6.211999999999999744e+00,6.394999999999999574e+00,6.126999999999999780e+00,6.112000000000000099e+00,6.397999999999999687e+00,6.251000000000000334e+00,5.362000000000000099e+00,5.802999999999999936e+00,8.779999999999999361e+00,3.560999999999999943e+00,4.963000000000000078e+00,3.862999999999999989e+00,4.969999999999999751e+00,6.682999999999999829e+00,7.016000000000000014e+00,6.216000000000000192e+00,5.875000000000000000e+00,4.905999999999999694e+00,4.137999999999999901e+00,7.312999999999999723e+00,6.649000000000000021e+00,6.793999999999999595e+00,6.379999999999999893e+00,6.222999999999999865e+00,6.967999999999999972e+00,6.544999999999999929e+00,5.535999999999999588e+00,5.519999999999999574e+00,4.368000000000000327e+00,5.277000000000000135e+00,4.652000000000000135e+00,5.000000000000000000e+00,4.879999999999999893e+00,5.389999999999999680e+00,5.713000000000000078e+00,6.051000000000000156e+00,5.035999999999999588e+00,6.192999999999999616e+00,5.886999999999999567e+00,6.471000000000000085e+00,6.405000000000000249e+00,5.746999999999999886e+00,5.453000000000000291e+00,5.852000000000000313e+00,5.987000000000000099e+00,6.342999999999999972e+00,6.403999999999999915e+00,5.349000000000000199e+00,5.530999999999999694e+00,5.682999999999999829e+00,4.137999999999999901e+00,5.607999999999999652e+00,5.616999999999999993e+00,6.852000000000000313e+00,5.756999999999999673e+00,6.657000000000000028e+00,4.628000000000000114e+00,5.155000000000000249e+00,4.519000000000000128e+00,6.434000000000000163e+00,6.782000000000000028e+00,5.304000000000000270e+00,5.956999999999999851e+00,6.823999999999999844e+00,6.410999999999999588e+00,6.006000000000000227e+00,5.647999999999999687e+00,6.102999999999999758e+00,5.565000000000000391e+00,5.895999999999999908e+00,5.836999999999999744e+00,6.201999999999999957e+00,6.192999999999999616e+00,6.379999999999999893e+00,6.347999999999999865e+00,6.833000000000000185e+00,6.424999999999999822e+00,6.435999999999999943e+00,6.208000000000000185e+00,6.628999999999999559e+00,6.461000000000000298e+00,6.152000000000000135e+00,5.934999999999999609e+00,5.626999999999999780e+00,5.817999999999999616e+00,6.405999999999999694e+00,6.219000000000000306e+00,6.485000000000000320e+00,5.854000000000000092e+00,6.458999999999999631e+00,6.341000000000000192e+00,6.251000000000000334e+00,6.184999999999999609e+00,6.416999999999999815e+00,6.748999999999999666e+00,6.655000000000000249e+00,6.296999999999999709e+00,7.392999999999999794e+00,6.727999999999999758e+00,6.525000000000000355e+00,5.975999999999999979e+00,5.935999999999999943e+00,6.301000000000000156e+00,6.081000000000000405e+00,6.700999999999999623e+00,6.376000000000000334e+00,6.317000000000000171e+00,6.512999999999999901e+00,6.208999999999999631e+00,5.759000000000000341e+00,5.951999999999999957e+00,6.003000000000000114e+00,5.926000000000000156e+00,5.713000000000000078e+00,6.166999999999999815e+00,6.229000000000000092e+00,6.437000000000000277e+00,6.980000000000000426e+00,5.426999999999999602e+00,6.161999999999999922e+00,6.483999999999999986e+00,5.304000000000000270e+00,6.184999999999999609e+00,6.229000000000000092e+00,6.241999999999999993e+00,6.750000000000000000e+00,7.060999999999999943e+00,5.761999999999999567e+00,5.871000000000000441e+00,6.312000000000000277e+00,6.113999999999999879e+00,5.905000000000000249e+00,5.453999999999999737e+00,5.413999999999999702e+00,5.092999999999999972e+00,5.982999999999999652e+00,5.982999999999999652e+00,5.706999999999999851e+00,5.926000000000000156e+00,5.669999999999999929e+00,5.389999999999999680e+00,5.793999999999999595e+00,6.019000000000000128e+00,5.568999999999999950e+00,6.027000000000000135e+00,6.592999999999999972e+00,6.120000000000000107e+00,6.975999999999999979e+00,6.793999999999999595e+00,6.030000000000000249e+00
6.520000000000000284e+01,7.890000000000000568e+01,6.110000000000000142e+01,4.579999999999999716e+01,5.420000000000000284e+01,5.870000000000000284e+01,6.659999999999999432e+01,9.609999999999999432e+01,1.000000000000000000e+02,8.590000000000000568e+01,9.429999999999999716e+01,8.290000000000000568e+01,3.900000000000000000e+01,6.179999999999999716e+01,8.450000000000000000e+01,5.650000000000000000e+01,2.930000000000000071e+01,8.170000000000000284e+01,3.660000000000000142e+01,6.950000000000000000e+01,9.809999999999999432e+01,8.920000000000000284e+01,9.170000000000000284e+01,1.000000000000000000e+02,9.409999999999999432e+01,8.570000000000000284e+01,9.029999999999999716e+01,8.879999999999999716e+01,9.440000000000000568e+01,8.729999999999999716e+01,9.409999999999999432e+01,1.000000000000000000e+02,8.200000000000000000e+01,9.500000000000000000e+01,9.690000000000000568e+01,6.820000000000000284e+01,6.139999999999999858e+01,4.150000000000000000e+01,3.019999999999999929e+01,2.180000000000000071e+01,1.580000000000000071e+01,2.899999999999999911e+00,6.599999999999999645e+00,6.500000000000000000e+00,4.000000000000000000e+01,3.379999999999999716e+01,3.329999999999999716e+01,8.550000000000000000e+01,9.529999999999999716e+01,6.200000000000000000e+01,4.570000000000000284e+01,6.300000000000000000e+01,2.110000000000000142e+01,2.139999999999999858e+01,4.760000000000000142e+01,2.189999999999999858e+01,3.570000000000000284e+01,4.050000000000000000e+01,2.919999999999999929e+01,4.720000000000000284e+01,6.620000000000000284e+01,9.340000000000000568e+01,6.779999999999999716e+01,4.339999999999999858e+01,5.950000000000000000e+01,1.780000000000000071e+01,3.110000000000000142e+01,2.139999999999999858e+01,3.679999999999999716e+01,3.300000000000000000e+01,6.599999999999999645e+00,1.750000000000000000e+01,7.799999999999999822e+00,6.200000000000000178e+00,6.000000000000000000e+00,4.500000000000000000e+01,7.450000000000000000e+01,4.579999999999999716e+01,5.370000000000000284e+01,3.660000000000000142e+01,3.350000000000000000e+01,7.040000000000000568e+01,3.220000000000000284e+01,4.670000000000000284e+01,4.800000000000000000e+01,5.610000000000000142e+01,4.510000000000000142e+01,5.679999999999999716e+01,8.629999999999999716e+01,6.310000000000000142e+01,6.609999999999999432e+01,7.390000000000000568e+01,5.360000000000000142e+01,2.889999999999999858e+01,7.729999999999999716e+01,5.779999999999999716e+01,6.959999999999999432e+01,7.600000000000000000e+01,3.689999999999999858e+01,6.250000000000000000e+01,7.990000000000000568e+01,7.129999999999999716e+01,8.540000000000000568e+01,8.740000000000000568e+01,9.000000000000000000e+01,9.670000000000000284e+01,9.190000000000000568e+01,8.520000000000000284e+01,9.709999999999999432e+01,9.120000000000000284e+01,5.439999999999999858e+01,8.159999999999999432e+01,9.290000000000000568e+01,9.540000000000000568e+01,8.420000000000000284e+01,8.820000000000000284e+01,7.250000000000000000e+01,8.259999999999999432e+01,7.309999999999999432e+01,6.520000000000000284e+01,6.970000000000000284e+01,8.409999999999999432e+01,9.290000000000000568e+01,9.700000000000000000e+01,9.579999999999999716e+01,8.840000000000000568e+01,9.559999999999999432e+01,9.600000000000000000e+01,9.879999999999999716e+01,9.470000000000000284e+01,9.890000000000000568e+01,9.770000000000000284e+01,9.790000000000000568e+01,9.540000000000000568e+01,9.840000000000000568e+01,9.820000000000000284e+01,9.350000000000000000e+01,9.840000000000000568e+01,9.820000000000000284e+01,9.790000000000000568e+01,9.359999999999999432e+01,1.000000000000000000e+02,1.000000000000000000e+02,1.000000000000000000e+02,9.779999999999999716e+01,1.000000000000000000e+02,1.000000000000000000e+02,9.570000000000000284e+01,9.379999999999999716e+01,9.490000000000000568e+01,9.729999999999999716e+01,1.000000000000000000e+02,8.800000000000000000e+01,9.850000000000000000e+01,9.600000000000000000e+01,8.259999999999999432e+01,9.400000000000000000e+01,9.740000000000000568e+01,1.000000000000000000e+02,1.000000000000000000e+02,9.259999999999999432e+01,9.079999999999999716e+01,9.820000000000000284e+01,9.390000000000000568e+01,9.179999999999999716e+01,9.300000000000000000e+01,9.620000000000000284e+01,7.920000000000000284e+01,9.609999999999999432e+01,9.520000000000000284e+01,9.459999999999999432e+01,9.729999999999999716e+01,8.850000000000000000e+01,8.409999999999999432e+01,6.870000000000000284e+01,3.310000000000000142e+01,4.720000000000000284e+01,7.340000000000000568e+01,7.440000000000000568e+01,5.839999999999999858e+01,8.329999999999999716e+01,6.220000000000000284e+01,9.220000000000000284e+01,9.559999999999999432e+01,8.979999999999999716e+01,6.879999999999999716e+01,5.360000000000000142e+01,4.110000000000000142e+01,2.910000000000000142e+01,3.889999999999999858e+01,2.150000000000000000e+01,3.080000000000000071e+01,2.630000000000000071e+01,9.900000000000000355e+00,1.880000000000000071e+01,3.200000000000000000e+01,3.410000000000000142e+01,3.660000000000000142e+01,3.829999999999999716e+01,1.530000000000000071e+01,1.390000000000000036e+01,3.839999999999999858e+01,1.569999999999999929e+01,3.320000000000000284e+01,3.189999999999999858e+01,2.230000000000000071e+01,5.250000000000000000e+01,7.270000000000000284e+01,5.910000000000000142e+01,1.000000000000000000e+02,9.209999999999999432e+01,8.859999999999999432e+01,5.379999999999999716e+01,3.229999999999999716e+01,9.800000000000000711e+00,4.239999999999999858e+01,5.600000000000000000e+01,8.509999999999999432e+01,9.379999999999999716e+01,9.240000000000000568e+01,8.850000000000000000e+01,9.129999999999999716e+01,7.770000000000000284e+01,8.079999999999999716e+01,7.829999999999999716e+01,8.300000000000000000e+01,8.650000000000000000e+01,7.990000000000000568e+01,1.700000000000000000e+01,2.139999999999999858e+01,6.809999999999999432e+01,7.690000000000000568e+01,7.329999999999999716e+01,7.040000000000000568e+01,6.650000000000000000e+01,6.150000000000000000e+01,7.650000000000000000e+01,7.159999999999999432e+01,1.850000000000000000e+01,4.220000000000000284e+01,5.429999999999999716e+01,6.509999999999999432e+01,5.289999999999999858e+01,7.799999999999999822e+00,7.650000000000000000e+01,7.020000000000000284e+01,3.489999999999999858e+01,7.920000000000000284e+01,4.910000000000000142e+01,1.750000000000000000e+01,1.300000000000000000e+01,8.900000000000000355e+00,6.799999999999999822e+00,8.400000000000000355e+00,3.200000000000000000e+01,1.910000000000000142e+01,3.420000000000000284e+01,8.690000000000000568e+01,1.000000000000000000e+02,1.000000000000000000e+02,8.179999999999999716e+01,8.940000000000000568e+01,9.150000000000000000e+01,9.450000000000000000e+01,9.159999999999999432e+01,6.279999999999999716e+01,8.459999999999999432e+01,6.700000000000000000e+01,5.260000000000000142e+01,6.150000000000000000e+01,4.210000000000000142e+01,1.630000000000000071e+01,5.870000000000000284e+01,5.179999999999999716e+01,3.289999999999999858e+01,4.279999999999999716e+01,4.900000000000000000e+01,2.760000000000000142e+01,3.210000000000000142e+01,3.220000000000000284e+01,6.450000000000000000e+01,3.720000000000000284e+01,4.970000000000000284e+01,2.480000000000000071e+01,2.080000000000000071e+01,3.189999999999999858e+01,3.150000000000000000e+01,3.130000000000000071e+01,4.560000000000000142e+01,2.289999999999999858e+01,2.789999999999999858e+01,2.769999999999999929e+01,2.339999999999999858e+01,1.839999999999999858e+01,4.229999999999999716e+01,3.110000000000000142e+01,5.100000000000000000e+01,5.800000000000000000e+01,2.010000000000000142e+01,1.000000000000000000e+01,4.739999999999999858e+01,4.039999999999999858e+01,1.839999999999999858e+01,1.769999999999999929e+01,4.110000000000000142e+01,5.810000000000000142e+01,7.190000000000000568e+01,7.029999999999999716e+01,8.250000000000000000e+01,7.670000000000000284e+01,3.779999999999999716e+01,5.279999999999999716e+01,9.040000000000000568e+01,8.279999999999999716e+01,8.729999999999999716e+01,7.770000000000000284e+01,8.320000000000000284e+01,7.170000000000000284e+01,6.720000000000000284e+01,5.879999999999999716e+01,5.229999999999999716e+01,5.429999999999999716e+01,4.989999999999999858e+01,7.429999999999999716e+01,4.010000000000000142e+01,1.469999999999999929e+01,2.889999999999999858e+01,4.370000000000000284e+01,2.580000000000000071e+01,1.719999999999999929e+01,3.220000000000000284e+01,2.839999999999999858e+01,2.330000000000000071e+01,3.810000000000000142e+01,3.850000000000000000e+01,3.450000000000000000e+01,4.629999999999999716e+01,5.960000000000000142e+01,3.729999999999999716e+01,4.539999999999999858e+01,5.850000000000000000e+01,4.929999999999999716e+01,5.970000000000000284e+01,5.639999999999999858e+01,2.810000000000000142e+01,4.850000000000000000e+01,5.229999999999999716e+01,2.769999999999999929e+01,2.969999999999999929e+01,3.450000000000000000e+01,4.439999999999999858e+01,3.589999999999999858e+01,1.850000000000000000e+01,3.610000000000000142e+01,2.189999999999999858e+01,1.950000000000000000e+01,9.740000000000000568e+01,9.100000000000000000e+01,8.340000000000000568e+01,8.129999999999999716e+01,8.800000000000000000e+01,9.109999999999999432e+01,9.620000000000000284e+01,8.900000000000000000e+01,8.290000000000000568e+01,8.790000000000000568e+01,9.140000000000000568e+01,1.000000000000000000e+02,1.000000000000000000e+02,9.679999999999999716e+01,9.750000000000000000e+01,1.000000000000000000e+02,8.959999999999999432e+01,1.000000000000000000e+02,1.000000000000000000e+02,9.790000000000000568e+01,9.329999999999999716e+01,9.879999999999999716e+01,9.620000000000000284e+01,1.000000000000000000e+02,9.190000000000000568e+01,9.909999999999999432e+01,1.000000000000000000e+02,1.000000000000000000e+02,9.120000000000000284e+01,9.809999999999999432e+01,1.000000000000000000e+02,8.950000000000000000e+01,1.000000000000000000e+02,9.890000000000000568e+01,9.700000000000000000e+01,8.250000000000000000e+01,9.700000000000000000e+01,9.259999999999999432e+01,9.470000000000000284e+01,9.879999999999999716e+01,9.600000000000000000e+01,9.890000000000000568e+01,1.000000000000000000e+02,7.779999999999999716e+01,1.000000000000000000e+02,1.000000000000000000e+02,1.000000000000000000e+02,9.600000000000000000e+01,8.540000000000000568e+01,1.000000000000000000e+02,1.000000000000000000e+02,1.000000000000000000e+02,9.790000000000000568e+01,1.000000000000000000e+02,1.000000000000000000e+02,1.000000000000000000e+02,1.000000000000000000e+02,1.000000000000000000e+02,1.000000000000000000e+02,1.000000000000000000e+02,9.079999999999999716e+01,8.909999999999999432e+01,1.000000000000000000e+02,7.650000000000000000e+01,1.000000000000000000e+02,9.529999999999999716e+01,8.759999999999999432e+01,8.509999999999999432e+01,7.059999999999999432e+01,9.540000000000000568e+01,5.970000000000000284e+01,7.870000000000000284e+01,7.809999999999999432e+01,9.559999999999999432e+01,8.609999999999999432e+01,9.429999999999999716e+01,7.479999999999999716e+01,8.790000000000000568e+01,9.500000000000000000e+01,9.459999999999999432e+01,9.329999999999999716e+01,1.000000000000000000e+02,8.790000000000000568e+01,9.390000000000000568e+01,9.240000000000000568e+01,9.720000000000000284e+01,1.000000000000000000e+02,1.000000000000000000e+02,9.659999999999999432e+01,9.479999999999999716e+01,9.640000000000000568e+01,9.659999999999999432e+01,9.870000000000000284e+01,9.829999999999999716e+01,9.259999999999999432e+01,9.820000000000000284e+01,9.179999999999999716e+01,9.929999999999999716e+01,9.409999999999999432e+01,8.650000000000000000e+01,8.790000000000000568e+01,8.029999999999999716e+01,8.370000000000000284e+01,8.440000000000000568e+01,9.000000000000000000e+01,8.840000000000000568e+01,8.300000000000000000e+01,8.990000000000000568e+01,6.540000000000000568e+01,4.820000000000000284e+01,8.470000000000000284e+01,9.450000000000000000e+01,7.100000000000000000e+01,5.670000000000000284e+01,8.400000000000000000e+01,9.070000000000000284e+01,7.500000000000000000e+01,6.759999999999999432e+01,9.540000000000000568e+01,9.740000000000000568e+01,9.359999999999999432e+01,9.729999999999999716e+01,9.670000000000000284e+01,8.800000000000000000e+01,6.470000000000000284e+01,7.490000000000000568e+01,7.700000000000000000e+01,4.029999999999999716e+01,4.189999999999999858e+01,5.189999999999999858e+01,7.979999999999999716e+01,5.320000000000000284e+01,9.270000000000000284e+01,9.829999999999999716e+01,9.800000000000000000e+01,9.879999999999999716e+01,8.350000000000000000e+01,5.400000000000000000e+01,4.260000000000000142e+01,2.880000000000000071e+01,7.290000000000000568e+01,7.059999999999999432e+01,6.529999999999999716e+01,7.350000000000000000e+01,7.970000000000000284e+01,6.909999999999999432e+01,7.670000000000000284e+01,9.100000000000000000e+01,8.929999999999999716e+01,8.079999999999999716e+01
4.089999999999999858e+00,4.967100000000000293e+00,4.967100000000000293e+00,6.062199999999999811e+00,6.062199999999999811e+00,6.062199999999999811e+00,5.560500000000000220e+00,5.950499999999999901e+00,6.082099999999999618e+00,6.592100000000000293e+00,6.346700000000000230e+00,6.226700000000000124e+00,5.450899999999999856e+00,4.707499999999999574e+00,4.461899999999999977e+00,4.498599999999999710e+00,4.498599999999999710e+00,4.257900000000000240e+00,3.796499999999999986e+00,3.796499999999999986e+00,3.797899999999999832e+00,4.012299999999999756e+00,3.976900000000000102e+00,4.095200000000000173e+00,4.399600000000000399e+00,4.454600000000000115e+00,4.682000000000000384e+00,4.453400000000000247e+00,4.454699999999999882e+00,4.238999999999999879e+00,4.232999999999999652e+00,4.174999999999999822e+00,3.990000000000000213e+00,3.787199999999999900e+00,3.759799999999999809e+00,3.360300000000000065e+00,3.377899999999999903e+00,3.934200000000000141e+00,3.847300000000000164e+00,5.401099999999999568e+00,5.401099999999999568e+00,5.720900000000000318e+00,5.720900000000000318e+00,5.720900000000000318e+00,5.720900000000000318e+00,5.100399999999999601e+00,5.100399999999999601e+00,5.689400000000000013e+00,5.870000000000000107e+00,6.087699999999999889e+00,6.814700000000000202e+00,6.814700000000000202e+00,6.814700000000000202e+00,6.814700000000000202e+00,7.319700000000000095e+00,8.696600000000000108e+00,9.187599999999999767e+00,8.324799999999999756e+00,7.814799999999999969e+00,6.932000000000000384e+00,7.225399999999999601e+00,6.818500000000000227e+00,7.225500000000000256e+00,7.980900000000000105e+00,9.222899999999999210e+00,6.611500000000000377e+00,6.611500000000000377e+00,6.498000000000000220e+00,6.498000000000000220e+00,6.498000000000000220e+00,5.287300000000000111e+00,5.287300000000000111e+00,5.287300000000000111e+00,5.287300000000000111e+00,4.251500000000000057e+00,4.502600000000000158e+00,4.052200000000000024e+00,4.090499999999999581e+00,5.014100000000000001e+00,4.502600000000000158e+00,5.400699999999999612e+00,5.400699999999999612e+00,5.400699999999999612e+00,5.400699999999999612e+00,4.779399999999999871e+00,4.437700000000000422e+00,4.427200000000000024e+00,3.747599999999999820e+00,3.421699999999999964e+00,3.414499999999999869e+00,3.092299999999999827e+00,3.092099999999999849e+00,3.665900000000000158e+00,3.665900000000000158e+00,3.615000000000000213e+00,3.495200000000000085e+00,3.495200000000000085e+00,3.495200000000000085e+00,3.495200000000000085e+00,3.495200000000000085e+00,2.777800000000000047e+00,2.856100000000000083e+00,2.714700000000000113e+00,2.714700000000000113e+00,2.420999999999999819e+00,2.106899999999999995e+00,2.210999999999999854e+00,2.122399999999999842e+00,2.432900000000000063e+00,2.545100000000000140e+00,2.777800000000000047e+00,2.677500000000000213e+00,2.353400000000000158e+00,2.548000000000000043e+00,2.256499999999999950e+00,2.463099999999999845e+00,2.730100000000000193e+00,2.747399999999999842e+00,2.477500000000000036e+00,2.759199999999999875e+00,2.257699999999999818e+00,2.197400000000000020e+00,2.086899999999999977e+00,1.944399999999999906e+00,2.006299999999999972e+00,1.992899999999999894e+00,1.757200000000000095e+00,1.788300000000000001e+00,1.812500000000000000e+00,1.979899999999999993e+00,2.118500000000000050e+00,2.270999999999999908e+00,2.327399999999999913e+00,2.469899999999999984e+00,2.346000000000000085e+00,2.110700000000000021e+00,1.966900000000000093e+00,1.849800000000000111e+00,1.668600000000000083e+00,1.668700000000000072e+00,1.611900000000000110e+00,1.439400000000000013e+00,1.321600000000000108e+00,1.411799999999999944e+00,1.345900000000000096e+00,1.419100000000000028e+00,1.516599999999999948e+00,1.460800000000000098e+00,1.529600000000000071e+00,1.525700000000000056e+00,1.618000000000000105e+00,1.591599999999999904e+00,1.610200000000000076e+00,1.623199999999999976e+00,1.749400000000000066e+00,1.745500000000000052e+00,1.736399999999999944e+00,1.877299999999999969e+00,1.757300000000000084e+00,1.765900000000000025e+00,1.798399999999999999e+00,1.970900000000000096e+00,2.040700000000000180e+00,2.161999999999999922e+00,2.422000000000000153e+00,2.283399999999999874e+00,2.045900000000000052e+00,2.425899999999999945e+00,2.100000000000000089e+00,2.262500000000000178e+00,2.425899999999999945e+00,2.388700000000000045e+00,2.596099999999999852e+00,2.646300000000000097e+00,2.701900000000000190e+00,3.132299999999999862e+00,3.554899999999999949e+00,3.317499999999999893e+00,2.915299999999999780e+00,2.829000000000000181e+00,2.741000000000000103e+00,2.597900000000000098e+00,2.700600000000000112e+00,2.846999999999999975e+00,2.987899999999999778e+00,3.279700000000000060e+00,3.199199999999999822e+00,3.788600000000000190e+00,4.566699999999999982e+00,4.566699999999999982e+00,6.479800000000000004e+00,6.479800000000000004e+00,6.479800000000000004e+00,6.219599999999999795e+00,6.219599999999999795e+00,5.648399999999999643e+00,7.309000000000000163e+00,7.309000000000000163e+00,7.309000000000000163e+00,7.653400000000000425e+00,7.653400000000000425e+00,6.269999999999999574e+00,6.269999999999999574e+00,5.118000000000000327e+00,5.118000000000000327e+00,3.945399999999999796e+00,4.354899999999999771e+00,4.354899999999999771e+00,4.239200000000000301e+00,3.875000000000000000e+00,3.877099999999999991e+00,3.665000000000000036e+00,3.652600000000000069e+00,3.945399999999999796e+00,3.587499999999999911e+00,3.945399999999999796e+00,3.112099999999999866e+00,3.421100000000000030e+00,2.889299999999999979e+00,3.363300000000000178e+00,2.861699999999999910e+00,3.048000000000000043e+00,3.272100000000000009e+00,3.272100000000000009e+00,2.894400000000000084e+00,2.894400000000000084e+00,3.215700000000000003e+00,3.215700000000000003e+00,3.375100000000000211e+00,3.375100000000000211e+00,3.671499999999999986e+00,3.671499999999999986e+00,3.838400000000000034e+00,3.651899999999999924e+00,3.651899999999999924e+00,3.651899999999999924e+00,4.147999999999999687e+00,4.147999999999999687e+00,6.189899999999999736e+00,6.189899999999999736e+00,6.336100000000000065e+00,6.336100000000000065e+00,7.035499999999999865e+00,7.035499999999999865e+00,7.954900000000000304e+00,7.954900000000000304e+00,8.055500000000000327e+00,8.055500000000000327e+00,7.826500000000000234e+00,7.826500000000000234e+00,7.396700000000000053e+00,7.396700000000000053e+00,8.906700000000000728e+00,8.906700000000000728e+00,9.220299999999999940e+00,9.220299999999999940e+00,6.336100000000000065e+00,1.800999999999999934e+00,1.894600000000000062e+00,2.010699999999999932e+00,2.112099999999999866e+00,2.139800000000000146e+00,2.288499999999999979e+00,2.078800000000000203e+00,1.930099999999999927e+00,1.986499999999999932e+00,2.132899999999999796e+00,2.421600000000000197e+00,2.871999999999999886e+00,3.917499999999999982e+00,4.429000000000000270e+00,4.429000000000000270e+00,3.917499999999999982e+00,4.366500000000000270e+00,4.077600000000000335e+00,4.267299999999999649e+00,4.787200000000000344e+00,4.862800000000000011e+00,4.140299999999999869e+00,4.100699999999999790e+00,4.694700000000000095e+00,5.244699999999999918e+00,5.211899999999999977e+00,5.884999999999999787e+00,7.307299999999999685e+00,7.307299999999999685e+00,9.089199999999999946e+00,7.317199999999999704e+00,7.317199999999999704e+00,7.317199999999999704e+00,5.116699999999999804e+00,5.116699999999999804e+00,5.116699999999999804e+00,5.502699999999999925e+00,5.502699999999999925e+00,5.960399999999999920e+00,5.960399999999999920e+00,6.320000000000000284e+00,7.827799999999999869e+00,7.827799999999999869e+00,7.827799999999999869e+00,5.491699999999999804e+00,5.491699999999999804e+00,5.491699999999999804e+00,4.022000000000000242e+00,3.370000000000000107e+00,3.099200000000000177e+00,3.182700000000000085e+00,3.317499999999999893e+00,3.102500000000000036e+00,2.519400000000000084e+00,2.640299999999999869e+00,2.834000000000000075e+00,3.262799999999999923e+00,3.602300000000000058e+00,3.944999999999999840e+00,3.998600000000000154e+00,4.031699999999999839e+00,3.532500000000000195e+00,4.001900000000000013e+00,4.540399999999999991e+00,4.540399999999999991e+00,4.721099999999999852e+00,4.721099999999999852e+00,4.721099999999999852e+00,5.415899999999999714e+00,5.415899999999999714e+00,5.415899999999999714e+00,5.214599999999999902e+00,5.214599999999999902e+00,5.873599999999999710e+00,6.640699999999999825e+00,6.640699999999999825e+00,6.458400000000000141e+00,6.458400000000000141e+00,5.985299999999999621e+00,5.231099999999999639e+00,5.615000000000000213e+00,4.812199999999999811e+00,4.812199999999999811e+00,4.812199999999999811e+00,7.037899999999999601e+00,6.266899999999999693e+00,5.732099999999999973e+00,6.465399999999999814e+00,8.013600000000000279e+00,8.013600000000000279e+00,8.535299999999999443e+00,8.343999999999999417e+00,8.792099999999999582e+00,8.792099999999999582e+00,1.071030000000000015e+01,1.071030000000000015e+01,1.212650000000000006e+01,1.058569999999999922e+01,1.058569999999999922e+01,2.122199999999999864e+00,2.505199999999999871e+00,2.722700000000000120e+00,2.509100000000000108e+00,2.518200000000000216e+00,2.295500000000000096e+00,2.103600000000000136e+00,1.904700000000000060e+00,1.904700000000000060e+00,1.613199999999999967e+00,1.752299999999999969e+00,1.510599999999999943e+00,1.332500000000000018e+00,1.356700000000000017e+00,1.202399999999999913e+00,1.169100000000000028e+00,1.129599999999999937e+00,1.174199999999999910e+00,1.137000000000000011e+00,1.316300000000000026e+00,1.344899999999999984e+00,1.358000000000000096e+00,1.386100000000000110e+00,1.386100000000000110e+00,1.416500000000000092e+00,1.519200000000000106e+00,1.580400000000000027e+00,1.533099999999999907e+00,1.439500000000000002e+00,1.426099999999999923e+00,1.467200000000000060e+00,1.518399999999999972e+00,1.589499999999999913e+00,1.728099999999999969e+00,1.926500000000000101e+00,2.167800000000000171e+00,1.770000000000000018e+00,1.791199999999999903e+00,1.782100000000000017e+00,1.725700000000000012e+00,1.676800000000000068e+00,1.633399999999999963e+00,1.489600000000000035e+00,1.500399999999999956e+00,1.588799999999999990e+00,1.574100000000000055e+00,1.639000000000000012e+00,1.702800000000000091e+00,1.607399999999999940e+00,1.425400000000000000e+00,1.178099999999999925e+00,1.285199999999999898e+00,1.454700000000000104e+00,1.465500000000000025e+00,1.413000000000000034e+00,1.527500000000000080e+00,1.553900000000000059e+00,1.589399999999999924e+00,1.658199999999999896e+00,1.834699999999999998e+00,1.819499999999999895e+00,1.647499999999999964e+00,1.802599999999999980e+00,1.794000000000000039e+00,1.858899999999999997e+00,1.874600000000000044e+00,1.951200000000000045e+00,2.021799999999999820e+00,2.063499999999999890e+00,1.909599999999999964e+00,1.997600000000000042e+00,1.862900000000000000e+00,1.935599999999999987e+00,1.968199999999999950e+00,2.052700000000000191e+00,2.088200000000000056e+00,2.200400000000000134e+00,2.315799999999999859e+00,2.222199999999999953e+00,2.124699999999999811e+00,2.002600000000000158e+00,1.914199999999999902e+00,1.820599999999999996e+00,1.817199999999999926e+00,1.866200000000000081e+00,2.065100000000000158e+00,2.004799999999999915e+00,1.978399999999999936e+00,1.895599999999999952e+00,1.987900000000000000e+00,2.072000000000000064e+00,2.197999999999999954e+00,2.261600000000000055e+00,2.185000000000000053e+00,2.323599999999999888e+00,2.355199999999999960e+00,2.368199999999999861e+00,2.452700000000000102e+00,2.496100000000000207e+00,2.435799999999999965e+00,2.580600000000000005e+00,2.779199999999999893e+00,2.783100000000000129e+00,2.717499999999999805e+00,2.597500000000000142e+00,2.567099999999999937e+00,2.734399999999999942e+00,2.801600000000000090e+00,2.963400000000000034e+00,3.066500000000000004e+00,2.871500000000000163e+00,2.540299999999999780e+00,2.908399999999999874e+00,2.823700000000000099e+00,3.033399999999999874e+00,3.099299999999999944e+00,2.896500000000000075e+00,2.532900000000000151e+00,2.429800000000000182e+00,2.205999999999999961e+00,2.305299999999999905e+00,2.100699999999999790e+00,2.170500000000000096e+00,1.951200000000000045e+00,3.424199999999999910e+00,3.331700000000000106e+00,3.410600000000000076e+00,4.098300000000000054e+00,3.724000000000000199e+00,3.991699999999999804e+00,3.545900000000000052e+00,3.152299999999999880e+00,1.820899999999999963e+00,1.755400000000000071e+00,1.822599999999999998e+00,1.868100000000000094e+00,2.109900000000000109e+00,2.381699999999999928e+00,2.381699999999999928e+00,2.798599999999999977e+00,2.798599999999999977e+00,2.892700000000000049e+00,2.409100000000000019e+00,2.399900000000000144e+00,2.498200000000000198e+00,2.478600000000000136e+00,2.287500000000000089e+00,2.167499999999999982e+00,2.388900000000000023e+00,2.504999999999999893e+00
1.000000000000000000e+00,2.000000000000000000e+00,2.000000000000000000e+00,3.000000000000000000e+00,3.000000000000000000e+00,3.000000000000000000e+00,5.000000000000000000e+00,5.000000000000000000e+00,5.000000000000000000e+00,5.000000000000000000e+00,5.000000000000000000e+00,5.000000000000000000e+00,5.000000000000000000e+00,4.000000000000000000e+00,4.000000000000000000e+00,4.000000000000000000e+00,4.000000000000000000e+00,4.000000000000000000e+00,4.000000000000000000e+00,4.000000000000000000e+00,4.000000000000000000e+00,4.000000000000000000e+00,4.000000000000000000e+00,4.000000000000000000e+00,4.000000000000000000e+00,4.000000000000000000e+00,4.000000000000000000e+00,4.000000000000000000e+00,4.000000000000000000e+00,4.000000000000000000e+00,4.000000000000000000e+00,4.000000000000000000e+00,4.000000000000000000e+00,4.000000000000000000e+00,4.000000000000000000e+00,5.000000000000000000e+00,5.000000000000000000e+00,5.000000000000000000e+00,5.000000000000000000e+00,3.000000000000000000e+00,3.000000000000000000e+00,3.000000000000000000e+00,3.000000000000000000e+00,3.000000000000000000e+00,3.000000000000000000e+00,3.000000000000000000e+00,3.000000000000000000e+00,3.000000000000000000e+00,3.000000000000000000e+00,3.000000000000000000e+00,4.000000000000000000e+00,4.000000000000000000e+00,4.000000000000000000e+00,4.000000000000000000e+00,3.000000000000000000e+00,5.000000000000000000e+00,2.000000000000000000e+00,5.000000000000000000e+00,8.000000000000000000e+00,8.000000000000000000e+00,8.000000000000000000e+00,8.000000000000000000e+00,8.000000000000000000e+00,8.000000000000000000e+00,3.000000000000000000e+00,4.000000000000000000e+00,4.000000000000000000e+00,4.000000000000000000e+00,4.000000000000000000e+00,4.000000000000000000e+00,4.000000000000000000e+00,4.000000000000000000e+00,4.000000000000000000e+00,4.000000000000000000e+00,5.000000000000000000e+00,5.000000000000000000e+00,5.000000000000000000e+00,5.000000000000000000e+00,5.000000000000000000e+00,5.000000000000000000e+00,4.000000000000000000e+00,4.000000000000000000e+00,4.000000000000000000e+00,4.000000000000000000e+00,3.000000000000000000e+00,3.000000000000000000e+00,3.000000000000000000e+00,3.000000000000000000e+00,2.000000000000000000e+00,2.000000000000000000e+00,2.000000000000000000e+00,2.000000000000000000e+00,4.000000000000000000e+00,4.000000000000000000e+00,4.000000000000000000e+00,2.000000000000000000e+00,2.000000000000000000e+00,2.000000000000000000e+00,2.000000000000000000e+00,2.000000000000000000e+00,5.000000000000000000e+00,5.000000000000000000e+00,5.000000000000000000e+00,5.000000000000000000e+00,5.000000000000000000e+00,5.000000000000000000e+00,5.000000000000000000e+00,5.000000000000000000e+00,5.000000000000000000e+00,5.000000000000000000e+00,5.000000000000000000e+00,6.000000000000000000e+00,6.000000000000000000e+00,6.000000000000000000e+00,6.000000000000000000e+00,6.000000000000000000e+00,6.000000000000000000e+00,6.000000000000000000e+00,6.000000000000000000e+00,6.000000000000000000e+00,2.000000000000000000e+00,2.000000000000000000e+00,2.000000000000000000e+00,2.000000000000000000e+00,2.000000000000000000e+00,2.000000000000000000e+00,2.000000000000000000e+00,4.000000000000000000e+00,4.000000000000000000e+00,4.000000000000000000e+00,4.000000000000000000e+00,4.000000000000000000e+00,4.000000000000000000e+00,4.000000000000000000e+00,4.000000000000000000e+00,4.000000000000000000e+00,4.000000000000000000e+00,4.000000000000000000e+00,4.000000000000000000e+00,4.000000000000000000e+00,4.000000000000000000e+00,4.000000000000000000e+00,5.000000000000000000e+00,5.000000000000000000e+00,5.000000000000000000e+00,5.000000000000000000e+00,5.000000000000000000e+00,5.000000000000000000e+00,5.000000000000000000e+00,5.000000000000000000e+00,5.000000000000000000e+00,5.000000000000000000e+00,5.000000000000000000e+00,5.000000000000000000e+00,5.000000000000000000e+00,5.000000000000000000e+00,5.000000000000000000e+00,5.000000000000000000e+00,5.000000000000000000e+00,5.000000000000000000e+00,5.000000000000000000e+00,5.000000000000000000e+00,5.000000000000000000e+00,5.000000000000000000e+00,5.000000000000000000e+00,5.000000000000000000e+00,5.000000000000000000e+00,5.000000000000000000e+00,5.000000000000000000e+00,5.000000000000000000e+00,5.000000000000000000e+00,5.000000000000000000e+00,5.000000000000000000e+00,5.000000000000000000e+00,5.000000000000000000e+00,5.000000000000000000e+00,5.000000000000000000e+00,5.000000000000000000e+00,5.000000000000000000e+00,3.000000000000000000e+00,3.000000000000000000e+00,3.000000000000000000e+00,3.000000000000000000e+00,3.000000000000000000e+00,3.000000000000000000e+00,3.000000000000000000e+00,3.000000000000000000e+00,5.000000000000000000e+00,5.000000000000000000e+00,5.000000000000000000e+00,5.000000000000000000e+00,5.000000000000000000e+00,5.000000000000000000e+00,1.000000000000000000e+00,1.000000000000000000e+00,4.000000000000000000e+00,2.000000000000000000e+00,2.000000000000000000e+00,2.000000000000000000e+00,3.000000000000000000e+00,3.000000000000000000e+00,2.000000000000000000e+00,2.000000000000000000e+00,4.000000000000000000e+00,4.000000000000000000e+00,4.000000000000000000e+00,4.000000000000000000e+00,4.000000000000000000e+00,4.000000000000000000e+00,4.000000000000000000e+00,4.000000000000000000e+00,4.000000000000000000e+00,4.000000000000000000e+00,4.000000000000000000e+00,4.000000000000000000e+00,4.000000000000000000e+00,5.000000000000000000e+00,5.000000000000000000e+00,5.000000000000000000e+00,5.000000000000000000e+00,8.000000000000000000e+00,8.000000000000000000e+00,8.000000000000000000e+00,8.000000000000000000e+00,8.000000000000000000e+00,8.000000000000000000e+00,8.000000000000000000e+00,8.000000000000000000e+00,8.000000000000000000e+00,8.000000000000000000e+00,8.000000000000000000e+00,8.000000000000000000e+00,8.000000000000000000e+00,8.000000000000000000e+00,8.000000000000000000e+00,8.000000000000000000e+00,8.000000000000000000e+00,8.000000000000000000e+00,6.000000000000000000e+00,6.000000000000000000e+00,6.000000000000000000e+00,6.000000000000000000e+00,6.000000000000000000e+00,6.000000000000000000e+00,7.000000000000000000e+00,7.000000000000000000e+00,7.000000000000000000e+00,7.000000000000000000e+00,7.000000000000000000e+00,7.000000000000000000e+00,7.000000000000000000e+00,7.000000000000000000e+00,7.000000000000000000e+00,7.000000000000000000e+00,1.000000000000000000e+00,1.000000000000000000e+00,3.000000000000000000e+00,5.000000000000000000e+00,5.000000000000000000e+00,5.000000000000000000e+00,5.000000000000000000e+00,5.000000000000000000e+00,5.000000000000000000e+00,5.000000000000000000e+00,5.000000000000000000e+00,5.000000000000000000e+00,5.000000000000000000e+00,5.000000000000000000e+00,5.000000000000000000e+00,3.000000000000000000e+00,3.000000000000000000e+00,3.000000000000000000e+00,3.000000000000000000e+00,3.000000000000000000e+00,4.000000000000000000e+00,4.000000000000000000e+00,4.000000000000000000e+00,4.000000000000000000e+00,4.000000000000000000e+00,5.000000000000000000e+00,5.000000000000000000e+00,5.000000000000000000e+00,5.000000000000000000e+00,1.000000000000000000e+00,1.000000000000000000e+00,1.000000000000000000e+00,1.000000000000000000e+00,6.000000000000000000e+00,6.000000000000000000e+00,6.000000000000000000e+00,4.000000000000000000e+00,4.000000000000000000e+00,4.000000000000000000e+00,4.000000000000000000e+00,4.000000000000000000e+00,4.000000000000000000e+00,4.000000000000000000e+00,4.000000000000000000e+00,5.000000000000000000e+00,5.000000000000000000e+00,5.000000000000000000e+00,7.000000000000000000e+00,7.000000000000000000e+00,7.000000000000000000e+00,7.000000000000000000e+00,7.000000000000000000e+00,7.000000000000000000e+00,7.000000000000000000e+00,4.000000000000000000e+00,4.000000000000000000e+00,4.000000000000000000e+00,4.000000000000000000e+00,4.000000000000000000e+00,4.000000000000000000e+00,4.000000000000000000e+00,4.000000000000000000e+00,4.000000000000000000e+00,4.000000000000000000e+00,4.000000000000000000e+00,4.000000000000000000e+00,5.000000000000000000e+00,5.000000000000000000e+00,5.000000000000000000e+00,5.000000000000000000e+00,5.000000000000000000e+00,5.000000000000000000e+00,5.000000000000000000e+00,5.000000000000000000e+00,4.000000000000000000e+00,4.000000000000000000e+00,4.000000000000000000e+00,1.000000000000000000e+00,1.000000000000000000e+00,5.000000000000000000e+00,5.000000000000000000e+00,5.000000000000000000e+00,5.000000000000000000e+00,5.000000000000000000e+00,5.000000000000000000e+00,5.000000000000000000e+00,5.000000000000000000e+00,1.000000000000000000e+00,1.000000000000000000e+00,5.000000000000000000e+00,5.000000000000000000e+00,3.000000000000000000e+00,3.000000000000000000e+00,4.000000000000000000e+00,4.000000000000000000e+00,1.000000000000000000e+00,1.000000000000000000e+00,4.000000000000000000e+00,4.000000000000000000e+00,5.000000000000000000e+00,4.000000000000000000e+00,4.000000000000000000e+00,2.400000000000000000e+01,2.400000000000000000e+01,2.400000000000000000e+01,2.400000000000000000e+01,2.400000000000000000e+01,2.400000000000000000e+01,2.400000000000000000e+01,2.400000000000000000e+01,2.400000000000000000e+01,2.400000000000000000e+01,2.400000000000000000e+01,2.400000000000000000e+01,2.400000000000000000e+01,2.400000000000000000e+01,2.400000000000000000e+01,2.400000000000000000e+01,2.400000000000000000e+01,2.400000000000000000e+01,2.400000000000000000e+01,2.400000000000000000e+01,2.400000000000000000e+01,2.400000000000000000e+01,2.400000000000000000e+01,2.400000000000000000e+01,2.400000000000000000e+01,2.400000000000000000e+01,2.400000000000000000e+01,2.400000000000000000e+01,2.400000000000000000e+01,2.400000000000000000e+01,2.400000000000000000e+01,2.400000000000000000e+01,2.400000000000000000e+01,2.400000000000000000e+01,2.400000000000000000e+01,2.400000000000000000e+01,2.400000000000000000e+01,2.400000000000000000e+01,2.400000000000000000e+01,2.400000000000000000e+01,2.400000000000000000e+01,2.400000000000000000e+01,2.400000000000000000e+01,2.400000000000000000e+01,2.400000000000000000e+01,2.400000000000000000e+01,2.400000000000000000e+01,2.400000000000000000e+01,2.400000000000000000e+01,2.400000000000000000e+01,2.400000000000000000e+01,2.400000000000000000e+01,2.400000000000000000e+01,2.400000000000000000e+01,2.400000000000000000e+01,2.400000000000000000e+01,2.400000000000000000e+01,2.400000000000000000e+01,2.400000000000000000e+01,2.400000000000000000e+01,2.400000000000000000e+01,2.400000000000000000e+01,2.400000000000000000e+01,2.400000000000000000e+01,2.400000000000000000e+01,2.400000000000000000e+01,2.400000000000000000e+01,2.400000000000000000e+01,2.400000000000000000e+01,2.400000000000000000e+01,2.400000000000000000e+01,2.400000000000000000e+01,2.400000000000000000e+01,2.400000000000000000e+01,2.400000000000000000e+01,2.400000000000000000e+01,2.400000000000000000e+01,2.400000000000000000e+01,2.400000000000000000e+01,2.400000000000000000e+01,2.400000000000000000e+01,2.400000000000000000e+01,2.400000000000000000e+01,2.400000000000000000e+01,2.400000000000000000e+01,2.400000000000000000e+01,2.400000000000000000e+01,2.400000000000000000e+01,2.400000000000000000e+01,2.400000000000000000e+01,2.400000000000000000e+01,2.400000000000000000e+01,2.400000000000000000e+01,2.400000000000000000e+01,2.400000000000000000e+01,2.400000000000000000e+01,2.400000000000000000e+01,2.400000000000000000e+01,2.400000000000000000e+01,2.400000000000000000e+01,2.400000000000000000e+01,2.400000000000000000e+01,2.400000000000000000e+01,2.400000000000000000e+01,2.400000000000000000e+01,2.400000000000000000e+01,2.400000000000000000e+01,2.400000000000000000e+01,2.400000000000000000e+01,2.400000000000000000e+01,2.400000000000000000e+01,2.400000000000000000e+01,2.400000000000000000e+01,2.400000000000000000e+01,2.400000000000000000e+01,2.400000000000000000e+01,2.400000000000000000e+01,2.400000000000000000e+01,2.400000000000000000e+01,2.400000000000000000e+01,2.400000000000000000e+01,2.400000000000000000e+01,2.400000000000000000e+01,2.400000000000000000e+01,2.400000000000000000e+01,2.400000000000000000e+01,2.400000000000000000e+01,2.400000000000000000e+01,2.400000000000000000e+01,2.400000000000000000e+01,2.400000000000000000e+01,2.400000000000000000e+01,4.000000000000000000e+00,4.000000000000000000e+00,4.000000000000000000e+00,4.000000000000000000e+00,4.000000000000000000e+00,6.000000000000000000e+00,6.000000000000000000e+00,6.000000000000000000e+00,6.000000000000000000e+00,6.000000000000000000e+00,6.000000000000000000e+00,6.000000000000000000e+00,6.000000000000000000e+00,1.000000000000000000e+00,1.000000000000000000e+00,1.000000000000000000e+00,1.000000000000000000e+00,1.000000000000000000e+00
2.960000000000000000e+02,2.420000000000000000e+02,2.420000000000000000e+02,2.220000000000000000e+02,2.220000000000000000e+02,2.220000000000000000e+02,3.110000000000000000e+02,3.110000000000000000e+02,3.110000000000000000e+02,3.110000000000000000e+02,3.110000000000000000e+02,3.110000000000000000e+02,3.110000000000000000e+02,3.070000000000000000e+02,3.070000000000000000e+02,3.070000000000000000e+02,3.070000000000000000e+02,3.070000000000000000e+02,3.070000000000000000e+02,3.070000000000000000e+02,3.070000000000000000e+02,3.070000000000000000e+02,3.070000000000000000e+02,3.070000000000000000e+02,3.070000000000000000e+02,3.070000000000000000e+02,3.070000000000000000e+02,3.070000000000000000e+02,3.070000000000000000e+02,3.070000000000000000e+02,3.070000000000000000e+02,3.070000000000000000e+02,3.070000000000000000e+02,3.070000000000000000e+02,3.070000000000000000e+02,2.790000000000000000e+02,2.790000000000000000e+02,2.790000000000000000e+02,2.790000000000000000e+02,2.520000000000000000e+02,2.520000000000000000e+02,2.330000000000000000e+02,2.330000000000000000e+02,2.330000000000000000e+02,2.330000000000000000e+02,2.330000000000000000e+02,2.330000000000000000e+02,2.330000000000000000e+02,2.330000000000000000e+02,2.330000000000000000e+02,2.430000000000000000e+02,2.430000000000000000e+02,2.430000000000000000e+02,2.430000000000000000e+02,4.690000000000000000e+02,2.260000000000000000e+02,3.130000000000000000e+02,2.560000000000000000e+02,2.840000000000000000e+02,2.840000000000000000e+02,2.840000000000000000e+02,2.840000000000000000e+02,2.840000000000000000e+02,2.840000000000000000e+02,2.160000000000000000e+02,3.370000000000000000e+02,3.370000000000000000e+02,3.450000000000000000e+02,3.450000000000000000e+02,3.450000000000000000e+02,3.050000000000000000e+02,3.050000000000000000e+02,3.050000000000000000e+02,3.050000000000000000e+02,3.980000000000000000e+02,3.980000000000000000e+02,3.980000000000000000e+02,3.980000000000000000e+02,3.980000000000000000e+02,3.980000000000000000e+02,2.810000000000000000e+02,2.810000000000000000e+02,2.810000000000000000e+02,2.810000000000000000e+02,2.470000000000000000e+02,2.470000000000000000e+02,2.470000000000000000e+02,2.470000000000000000e+02,2.700000000000000000e+02,2.700000000000000000e+02,2.700000000000000000e+02,2.700000000000000000e+02,2.700000000000000000e+02,2.700000000000000000e+02,2.700000000000000000e+02,2.760000000000000000e+02,2.760000000000000000e+02,2.760000000000000000e+02,2.760000000000000000e+02,2.760000000000000000e+02,3.840000000000000000e+02,3.840000000000000000e+02,3.840000000000000000e+02,3.840000000000000000e+02,3.840000000000000000e+02,3.840000000000000000e+02,3.840000000000000000e+02,3.840000000000000000e+02,3.840000000000000000e+02,3.840000000000000000e+02,3.840000000000000000e+02,4.320000000000000000e+02,4.320000000000000000e+02,4.320000000000000000e+02,4.320000000000000000e+02,4.320000000000000000e+02,4.320000000000000000e+02,4.320000000000000000e+02,4.320000000000000000e+02,4.320000000000000000e+02,1.880000000000000000e+02,1.880000000000000000e+02,1.880000000000000000e+02,1.880000000000000000e+02,1.880000000000000000e+02,1.880000000000000000e+02,1.880000000000000000e+02,4.370000000000000000e+02,4.370000000000000000e+02,4.370000000000000000e+02,4.370000000000000000e+02,4.370000000000000000e+02,4.370000000000000000e+02,4.370000000000000000e+02,4.370000000000000000e+02,4.370000000000000000e+02,4.370000000000000000e+02,4.370000000000000000e+02,4.370000000000000000e+02,4.370000000000000000e+02,4.370000000000000000e+02,4.370000000000000000e+02,4.030000000000000000e+02,4.030000000000000000e+02,4.030000000000000000e+02,4.030000000000000000e+02,4.030000000000000000e+02,4.030000000000000000e+02,4.030000000000000000e+02,4.030000000000000000e+02,4.030000000000000000e+02,4.030000000000000000e+02,4.030000000000000000e+02,4.030000000000000000e+02,4.030000000000000000e+02,4.030000000000000000e+02,4.030000000000000000e+02,4.030000000000000000e+02,4.030000000000000000e+02,4.030000000000000000e+02,4.030000000000000000e+02,4.030000000000000000e+02,4.030000000000000000e+02,4.030000000000000000e+02,4.030000000000000000e+02,4.030000000000000000e+02,4.030000000000000000e+02,4.030000000000000000e+02,4.030000000000000000e+02,4.030000000000000000e+02,4.030000000000000000e+02,4.030000000000000000e+02,2.960000000000000000e+02,2.960000000000000000e+02,2.960000000000000000e+02,2.960000000000000000e+02,2.960000000000000000e+02,2.960000000000000000e+02,2.960000000000000000e+02,1.930000000000000000e+02,1.930000000000000000e+02,1.930000000000000000e+02,1.930000000000000000e+02,1.930000000000000000e+02,1.930000000000000000e+02,1.930000000000000000e+02,1.930000000000000000e+02,3.980000000000000000e+02,3.980000000000000000e+02,3.980000000000000000e+02,3.980000000000000000e+02,3.980000000000000000e+02,3.980000000000000000e+02,2.650000000000000000e+02,2.650000000000000000e+02,2.550000000000000000e+02,3.290000000000000000e+02,3.290000000000000000e+02,3.290000000000000000e+02,4.020000000000000000e+02,4.020000000000000000e+02,3.480000000000000000e+02,3.480000000000000000e+02,2.240000000000000000e+02,2.240000000000000000e+02,2.770000000000000000e+02,2.770000000000000000e+02,2.770000000000000000e+02,2.770000000000000000e+02,2.770000000000000000e+02,2.770000000000000000e+02,2.770000000000000000e+02,2.770000000000000000e+02,2.770000000000000000e+02,2.770000000000000000e+02,2.770000000000000000e+02,2.760000000000000000e+02,2.760000000000000000e+02,2.760000000000000000e+02,2.760000000000000000e+02,3.070000000000000000e+02,3.070000000000000000e+02,3.070000000000000000e+02,3.070000000000000000e+02,3.070000000000000000e+02,3.070000000000000000e+02,3.070000000000000000e+02,3.070000000000000000e+02,3.070000000000000000e+02,3.070000000000000000e+02,3.070000000000000000e+02,3.070000000000000000e+02,3.070000000000000000e+02,3.070000000000000000e+02,3.070000000000000000e+02,3.070000000000000000e+02,3.070000000000000000e+02,3.070000000000000000e+02,3.000000000000000000e+02,3.000000000000000000e+02,3.000000000000000000e+02,3.000000000000000000e+02,3.000000000000000000e+02,3.000000000000000000e+02,3.300000000000000000e+02,3.300000000000000000e+02,3.300000000000000000e+02,3.300000000000000000e+02,3.300000000000000000e+02,3.300000000000000000e+02,3.300000000000000000e+02,3.300000000000000000e+02,3.300000000000000000e+02,3.300000000000000000e+02,3.150000000000000000e+02,3.150000000000000000e+02,2.440000000000000000e+02,2.640000000000000000e+02,2.640000000000000000e+02,2.640000000000000000e+02,2.640000000000000000e+02,2.640000000000000000e+02,2.640000000000000000e+02,2.640000000000000000e+02,2.640000000000000000e+02,2.640000000000000000e+02,2.640000000000000000e+02,2.640000000000000000e+02,2.640000000000000000e+02,2.230000000000000000e+02,2.230000000000000000e+02,2.230000000000000000e+02,2.230000000000000000e+02,2.230000000000000000e+02,2.540000000000000000e+02,2.540000000000000000e+02,2.540000000000000000e+02,2.540000000000000000e+02,2.540000000000000000e+02,2.160000000000000000e+02,2.160000000000000000e+02,2.160000000000000000e+02,2.160000000000000000e+02,1.980000000000000000e+02,2.850000000000000000e+02,3.000000000000000000e+02,2.410000000000000000e+02,2.930000000000000000e+02,2.930000000000000000e+02,2.930000000000000000e+02,2.450000000000000000e+02,2.450000000000000000e+02,2.450000000000000000e+02,2.890000000000000000e+02,2.890000000000000000e+02,2.890000000000000000e+02,2.890000000000000000e+02,2.890000000000000000e+02,3.580000000000000000e+02,3.580000000000000000e+02,3.580000000000000000e+02,3.290000000000000000e+02,3.290000000000000000e+02,3.290000000000000000e+02,2.220000000000000000e+02,2.220000000000000000e+02,2.220000000000000000e+02,2.220000000000000000e+02,3.040000000000000000e+02,3.040000000000000000e+02,3.040000000000000000e+02,3.040000000000000000e+02,3.040000000000000000e+02,3.040000000000000000e+02,3.040000000000000000e+02,3.040000000000000000e+02,3.040000000000000000e+02,3.040000000000000000e+02,3.040000000000000000e+02,3.040000000000000000e+02,2.870000000000000000e+02,2.870000000000000000e+02,2.870000000000000000e+02,2.870000000000000000e+02,2.870000000000000000e+02,2.870000000000000000e+02,2.870000000000000000e+02,2.870000000000000000e+02,4.300000000000000000e+02,4.300000000000000000e+02,4.300000000000000000e+02,3.040000000000000000e+02,3.040000000000000000e+02,2.240000000000000000e+02,2.240000000000000000e+02,2.240000000000000000e+02,2.240000000000000000e+02,2.240000000000000000e+02,2.240000000000000000e+02,2.240000000000000000e+02,2.240000000000000000e+02,2.840000000000000000e+02,4.220000000000000000e+02,3.700000000000000000e+02,3.700000000000000000e+02,3.520000000000000000e+02,3.520000000000000000e+02,3.510000000000000000e+02,2.800000000000000000e+02,3.350000000000000000e+02,3.350000000000000000e+02,4.110000000000000000e+02,4.110000000000000000e+02,1.870000000000000000e+02,3.340000000000000000e+02,3.340000000000000000e+02,6.660000000000000000e+02,6.660000000000000000e+02,6.660000000000000000e+02,6.660000000000000000e+02,6.660000000000000000e+02,6.660000000000000000e+02,6.660000000000000000e+02,6.660000000000000000e+02,6.660000000000000000e+02,6.660000000000000000e+02,6.660000000000000000e+02,6.660000000000000000e+02,6.660000000000000000e+02,6.660000000000000000e+02,6.660000000000000000e+02,6.660000000000000000e+02,6.660000000000000000e+02,6.660000000000000000e+02,6.660000000000000000e+02,6.660000000000000000e+02,6.660000000000000000e+02,6.660000000000000000e+02,6.660000000000000000e+02,6.660000000000000000e+02,6.660000000000000000e+02,6.660000000000000000e+02,6.660000000000000000e+02,6.660000000000000000e+02,6.660000000000000000e+02,6.660000000000000000e+02,6.660000000000000000e+02,6.660000000000000000e+02,6.660000000000000000e+02,6.660000000000000000e+02,6.660000000000000000e+02,6.660000000000000000e+02,6.660000000000000000e+02,6.660000000000000000e+02,6.660000000000000000e+02,6.660000000000000000e+02,6.660000000000000000e+02,6.660000000000000000e+02,6.660000000000000000e+02,6.660000000000000000e+02,6.660000000000000000e+02,6.660000000000000000e+02,6.660000000000000000e+02,6.660000000000000000e+02,6.660000000000000000e+02,6.660000000000000000e+02,6.660000000000000000e+02,6.660000000000000000e+02,6.660000000000000000e+02,6.660000000000000000e+02,6.660000000000000000e+02,6.660000000000000000e+02,6.660000000000000000e+02,6.660000000000000000e+02,6.660000000000000000e+02,6.660000000000000000e+02,6.660000000000000000e+02,6.660000000000000000e+02,6.660000000000000000e+02,6.660000000000000000e+02,6.660000000000000000e+02,6.660000000000000000e+02,6.660000000000000000e+02,6.660000000000000000e+02,6.660000000000000000e+02,6.660000000000000000e+02,6.660000000000000000e+02,6.660000000000000000e+02,6.660000000000000000e+02,6.660000000000000000e+02,6.660000000000000000e+02,6.660000000000000000e+02,6.660000000000000000e+02,6.660000000000000000e+02,6.660000000000000000e+02,6.660000000000000000e+02,6.660000000000000000e+02,6.660000000000000000e+02,6.660000000000000000e+02,6.660000000000000000e+02,6.660000000000000000e+02,6.660000000000000000e+02,6.660000000000000000e+02,6.660000000000000000e+02,6.660000000000000000e+02,6.660000000000000000e+02,6.660000000000000000e+02,6.660000000000000000e+02,6.660000000000000000e+02,6.660000000000000000e+02,6.660000000000000000e+02,6.660000000000000000e+02,6.660000000000000000e+02,6.660000000000000000e+02,6.660000000000000000e+02,6.660000000000000000e+02,6.660000000000000000e+02,6.660000000000000000e+02,6.660000000000000000e+02,6.660000000000000000e+02,6.660000000000000000e+02,6.660000000000000000e+02,6.660000000000000000e+02,6.660000000000000000e+02,6.660000000000000000e+02,6.660000000000000000e+02,6.660000000000000000e+02,6.660000000000000000e+02,6.660000000000000000e+02,6.660000000000000000e+02,6.660000000000000000e+02,6.660000000000000000e+02,6.660000000000000000e+02,6.660000000000000000e+02,6.660000000000000000e+02,6.660000000000000000e+02,6.660000000000000000e+02,6.660000000000000000e+02,6.660000000000000000e+02,6.660000000000000000e+02,6.660000000000000000e+02,6.660000000000000000e+02,6.660000000000000000e+02,6.660000000000000000e+02,6.660000000000000000e+02,6.660000000000000000e+02,6.660000000000000000e+02,6.660000000000000000e+02,7.110000000000000000e+02,7.110000000000000000e+02,7.110000000000000000e+02,7.110000000000000000e+02,7.110000000000000000e+02,3.910000000000000000e+02,3.910000000000000000e+02,3.910000000000000000e+02,3.910000000000000000e+02,3.910000000000000000e+02,3.910000000000000000e+02,3.910000000000000000e+02,3.910000000000000000e+02,2.730000000000000000e+02,2.730000000000000000e+02,2.730000000000000000e+02,2.730000000000000000e+02,2.730000000000000000e+02
1.530000000000000071e+01,1.780000000000000071e+01,1.780000000000000071e+01,1.869999999999999929e+01,1.869999999999999929e+01,1.869999999999999929e+01,1.519999999999999929e+01,1.519999999999999929e+01,1.519999999999999929e+01,1.519999999999999929e+01,1.519999999999999929e+01,1.519999999999999929e+01,1.519999999999999929e+01,2.100000000000000000e+01,2.100000000000000000e+01,2.100000000000000000e+01,2.100000000000000000e+01,2.100000000000000000e+01,2.100000000000000000e+01,2.100000000000000000e+01,2.100000000000000000e+01,2.100000000000000000e+01,2.100000000000000000e+01,2.100000000000000000e+01,2.100000000000000000e+01,2.100000000000000000e+01,2.100000000000000000e+01,2.100000000000000000e+01,2.100000000000000000e+01,2.100000000000000000e+01,2.100000000000000000e+01,2.100000000000000000e+01,2.100000000000000000e+01,2.100000000000000000e+01,2.100000000000000000e+01,1.919999999999999929e+01,1.919999999999999929e+01,1.919999999999999929e+01,1.919999999999999929e+01,1.830000000000000071e+01,1.830000000000000071e+01,1.789999999999999858e+01,1.789999999999999858e+01,1.789999999999999858e+01,1.789999999999999858e+01,1.789999999999999858e+01,1.789999999999999858e+01,1.789999999999999858e+01,1.789999999999999858e+01,1.789999999999999858e+01,1.680000000000000071e+01,1.680000000000000071e+01,1.680000000000000071e+01,1.680000000000000071e+01,2.110000000000000142e+01,1.789999999999999858e+01,1.730000000000000071e+01,1.509999999999999964e+01,1.969999999999999929e+01,1.969999999999999929e+01,1.969999999999999929e+01,1.969999999999999929e+01,1.969999999999999929e+01,1.969999999999999929e+01,1.860000000000000142e+01,1.610000000000000142e+01,1.610000000000000142e+01,1.889999999999999858e+01,1.889999999999999858e+01,1.889999999999999858e+01,1.919999999999999929e+01,1.919999999999999929e+01,1.919999999999999929e+01,1.919999999999999929e+01,1.869999999999999929e+01,1.869999999999999929e+01,1.869999999999999929e+01,1.869999999999999929e+01,1.869999999999999929e+01,1.869999999999999929e+01,1.900000000000000000e+01,1.900000000000000000e+01,1.900000000000000000e+01,1.900000000000000000e+01,1.850000000000000000e+01,1.850000000000000000e+01,1.850000000000000000e+01,1.850000000000000000e+01,1.780000000000000071e+01,1.780000000000000071e+01,1.780000000000000071e+01,1.780000000000000071e+01,1.819999999999999929e+01,1.819999999999999929e+01,1.819999999999999929e+01,1.800000000000000000e+01,1.800000000000000000e+01,1.800000000000000000e+01,1.800000000000000000e+01,1.800000000000000000e+01,2.089999999999999858e+01,2.089999999999999858e+01,2.089999999999999858e+01,2.089999999999999858e+01,2.089999999999999858e+01,2.089999999999999858e+01,2.089999999999999858e+01,2.089999999999999858e+01,2.089999999999999858e+01,2.089999999999999858e+01,2.089999999999999858e+01,1.780000000000000071e+01,1.780000000000000071e+01,1.780000000000000071e+01,1.780000000000000071e+01,1.780000000000000071e+01,1.780000000000000071e+01,1.780000000000000071e+01,1.780000000000000071e+01,1.780000000000000071e+01,1.910000000000000142e+01,1.910000000000000142e+01,1.910000000000000142e+01,1.910000000000000142e+01,1.910000000000000142e+01,1.910000000000000142e+01,1.910000000000000142e+01,2.119999999999999929e+01,2.119999999999999929e+01,2.119999999999999929e+01,2.119999999999999929e+01,2.119999999999999929e+01,2.119999999999999929e+01,2.119999999999999929e+01,2.119999999999999929e+01,2.119999999999999929e+01,2.119999999999999929e+01,2.119999999999999929e+01,2.119999999999999929e+01,2.119999999999999929e+01,2.119999999999999929e+01,2.119999999999999929e+01,1.469999999999999929e+01,1.469999999999999929e+01,1.469999999999999929e+01,1.469999999999999929e+01,1.469999999999999929e+01,1.469999999999999929e+01,1.469999999999999929e+01,1.469999999999999929e+01,1.469999999999999929e+01,1.469999999999999929e+01,1.469999999999999929e+01,1.469999999999999929e+01,1.469999999999999929e+01,1.469999999999999929e+01,1.469999999999999929e+01,1.469999999999999929e+01,1.469999999999999929e+01,1.469999999999999929e+01,1.469999999999999929e+01,1.469999999999999929e+01,1.469999999999999929e+01,1.469999999999999929e+01,1.469999999999999929e+01,1.469999999999999929e+01,1.469999999999999929e+01,1.469999999999999929e+01,1.469999999999999929e+01,1.469999999999999929e+01,1.469999999999999929e+01,1.469999999999999929e+01,1.660000000000000142e+01,1.660000000000000142e+01,1.660000000000000142e+01,1.660000000000000142e+01,1.660000000000000142e+01,1.660000000000000142e+01,1.660000000000000142e+01,1.780000000000000071e+01,1.780000000000000071e+01,1.780000000000000071e+01,1.780000000000000071e+01,1.780000000000000071e+01,1.780000000000000071e+01,1.780000000000000071e+01,1.780000000000000071e+01,1.519999999999999929e+01,1.519999999999999929e+01,1.519999999999999929e+01,1.519999999999999929e+01,1.519999999999999929e+01,1.519999999999999929e+01,1.559999999999999964e+01,1.559999999999999964e+01,1.440000000000000036e+01,1.259999999999999964e+01,1.259999999999999964e+01,1.259999999999999964e+01,1.700000000000000000e+01,1.700000000000000000e+01,1.469999999999999929e+01,1.469999999999999929e+01,1.469999999999999929e+01,1.469999999999999929e+01,1.860000000000000142e+01,1.860000000000000142e+01,1.860000000000000142e+01,1.860000000000000142e+01,1.860000000000000142e+01,1.860000000000000142e+01,1.860000000000000142e+01,1.860000000000000142e+01,1.860000000000000142e+01,1.860000000000000142e+01,1.860000000000000142e+01,1.639999999999999858e+01,1.639999999999999858e+01,1.639999999999999858e+01,1.639999999999999858e+01,1.739999999999999858e+01,1.739999999999999858e+01,1.739999999999999858e+01,1.739999999999999858e+01,1.739999999999999858e+01,1.739999999999999858e+01,1.739999999999999858e+01,1.739999999999999858e+01,1.739999999999999858e+01,1.739999999999999858e+01,1.739999999999999858e+01,1.739999999999999858e+01,1.739999999999999858e+01,1.739999999999999858e+01,1.739999999999999858e+01,1.739999999999999858e+01,1.739999999999999858e+01,1.739999999999999858e+01,1.660000000000000142e+01,1.660000000000000142e+01,1.660000000000000142e+01,1.660000000000000142e+01,1.660000000000000142e+01,1.660000000000000142e+01,1.910000000000000142e+01,1.910000000000000142e+01,1.910000000000000142e+01,1.910000000000000142e+01,1.910000000000000142e+01,1.910000000000000142e+01,1.910000000000000142e+01,1.910000000000000142e+01,1.910000000000000142e+01,1.910000000000000142e+01,1.639999999999999858e+01,1.639999999999999858e+01,1.590000000000000036e+01,1.300000000000000000e+01,1.300000000000000000e+01,1.300000000000000000e+01,1.300000000000000000e+01,1.300000000000000000e+01,1.300000000000000000e+01,1.300000000000000000e+01,1.300000000000000000e+01,1.300000000000000000e+01,1.300000000000000000e+01,1.300000000000000000e+01,1.300000000000000000e+01,1.860000000000000142e+01,1.860000000000000142e+01,1.860000000000000142e+01,1.860000000000000142e+01,1.860000000000000142e+01,1.760000000000000142e+01,1.760000000000000142e+01,1.760000000000000142e+01,1.760000000000000142e+01,1.760000000000000142e+01,1.490000000000000036e+01,1.490000000000000036e+01,1.490000000000000036e+01,1.490000000000000036e+01,1.359999999999999964e+01,1.530000000000000071e+01,1.530000000000000071e+01,1.819999999999999929e+01,1.660000000000000142e+01,1.660000000000000142e+01,1.660000000000000142e+01,1.919999999999999929e+01,1.919999999999999929e+01,1.919999999999999929e+01,1.600000000000000000e+01,1.600000000000000000e+01,1.600000000000000000e+01,1.600000000000000000e+01,1.600000000000000000e+01,1.480000000000000071e+01,1.480000000000000071e+01,1.480000000000000071e+01,1.610000000000000142e+01,1.610000000000000142e+01,1.610000000000000142e+01,1.839999999999999858e+01,1.839999999999999858e+01,1.839999999999999858e+01,1.839999999999999858e+01,1.839999999999999858e+01,1.839999999999999858e+01,1.839999999999999858e+01,1.839999999999999858e+01,1.839999999999999858e+01,1.839999999999999858e+01,1.839999999999999858e+01,1.839999999999999858e+01,1.839999999999999858e+01,1.839999999999999858e+01,1.839999999999999858e+01,1.839999999999999858e+01,1.960000000000000142e+01,1.960000000000000142e+01,1.960000000000000142e+01,1.960000000000000142e+01,1.960000000000000142e+01,1.960000000000000142e+01,1.960000000000000142e+01,1.960000000000000142e+01,1.689999999999999858e+01,1.689999999999999858e+01,1.689999999999999858e+01,1.689999999999999858e+01,1.689999999999999858e+01,2.019999999999999929e+01,2.019999999999999929e+01,2.019999999999999929e+01,2.019999999999999929e+01,2.019999999999999929e+01,2.019999999999999929e+01,2.019999999999999929e+01,2.019999999999999929e+01,1.550000000000000000e+01,1.590000000000000036e+01,1.760000000000000142e+01,1.760000000000000142e+01,1.880000000000000071e+01,1.880000000000000071e+01,1.789999999999999858e+01,1.700000000000000000e+01,1.969999999999999929e+01,1.969999999999999929e+01,1.830000000000000071e+01,1.830000000000000071e+01,1.700000000000000000e+01,2.200000000000000000e+01,2.200000000000000000e+01,2.019999999999999929e+01,2.019999999999999929e+01,2.019999999999999929e+01,2.019999999999999929e+01,2.019999999999999929e+01,2.019999999999999929e+01,2.019999999999999929e+01,2.019999999999999929e+01,2.019999999999999929e+01,2.019999999999999929e+01,2.019999999999999929e+01,2.019999999999999929e+01,2.019999999999999929e+01,2.019999999999999929e+01,2.019999999999999929e+01,2.019999999999999929e+01,2.019999999999999929e+01,2.019999999999999929e+01,2.019999999999999929e+01,2.019999999999999929e+01,2.019999999999999929e+01,2.019999999999999929e+01,2.019999999999999929e+01,2.019999999999999929e+01,2.019999999999999929e+01,2.019999999999999929e+01,2.019999999999999929e+01,2.019999999999999929e+01,2.019999999999999929e+01,2.019999999999999929e+01,2.019999999999999929e+01,2.019999999999999929e+01,2.019999999999999929e+01,2.019999999999999929e+01,2.019999999999999929e+01,2.019999999999999929e+01,2.019999999999999929e+01,2.019999999999999929e+01,2.019999999999999929e+01,2.019999999999999929e+01,2.019999999999999929e+01,2.019999999999999929e+01,2.019999999999999929e+01,2.019999999999999929e+01,2.019999999999999929e+01,2.019999999999999929e+01,2.019999999999999929e+01,2.019999999999999929e+01,2.019999999999999929e+01,2.019999999999999929e+01,2.019999999999999929e+01,2.019999999999999929e+01,2.019999999999999929e+01,2.019999999999999929e+01,2.019999999999999929e+01,2.019999999999999929e+01,2.019999999999999929e+01,2.019999999999999929e+01,2.019999999999999929e+01,2.019999999999999929e+01,2.019999999999999929e+01,2.019999999999999929e+01,2.019999999999999929e+01,2.019999999999999929e+01,2.019999999999999929e+01,2.019999999999999929e+01,2.019999999999999929e+01,2.019999999999999929e+01,2.019999999999999929e+01,2.019999999999999929e+01,2.019999999999999929e+01,2.019999999999999929e+01,2.019999999999999929e+01,2.019999999999999929e+01,2.019999999999999929e+01,2.019999999999999929e+01,2.019999999999999929e+01,2.019999999999999929e+01,2.019999999999999929e+01,2.019999999999999929e+01,2.019999999999999929e+01,2.019999999999999929e+01,2.019999999999999929e+01,2.019999999999999929e+01,2.019999999999999929e+01,2.019999999999999929e+01,2.019999999999999929e+01,2.019999999999999929e+01,2.019999999999999929e+01,2.019999999999999929e+01,2.019999999999999929e+01,2.019999999999999929e+01,2.019999999999999929e+01,2.019999999999999929e+01,2.019999999999999929e+01,2.019999999999999929e+01,2.019999999999999929e+01,2.019999999999999929e+01,2.019999999999999929e+01,2.019999999999999929e+01,2.019999999999999929e+01,2.019999999999999929e+01,2.019999999999999929e+01,2.019999999999999929e+01,2.019999999999999929e+01,2.019999999999999929e+01,2.019999999999999929e+01,2.019999999999999929e+01,2.019999999999999929e+01,2.019999999999999929e+01,2.019999999999999929e+01,2.019999999999999929e+01,2.019999999999999929e+01,2.019999999999999929e+01,2.019999999999999929e+01,2.019999999999999929e+01,2.019999999999999929e+01,2.019999999999999929e+01,2.019999999999999929e+01,2.019999999999999929e+01,2.019999999999999929e+01,2.019999999999999929e+01,2.019999999999999929e+01,2.019999999999999929e+01,2.019999999999999929e+01,2.019999999999999929e+01,2.019999999999999929e+01,2.019999999999999929e+01,2.019999999999999929e+01,2.019999999999999929e+01,2.019999999999999929e+01,2.019999999999999929e+01,2.010000000000000142e+01,2.010000000000000142e+01,2.010000000000000142e+01,2.010000000000000142e+01,2.010000000000000142e+01,1.919999999999999929e+01,1.919999999999999929e+01,1.919999999999999929e+01,1.919999999999999929e+01,1.919999999999999929e+01,1.919999999999999929e+01,1.919999999999999929e+01,1.919999999999999929e+01,2.100000000000000000e+01,2.100000000000000000e+01,2.100000000000000000e+01,2.100000000000000000e+01,2.100000000000000000e+01
3.968999999999999773e+02,3.968999999999999773e+02,3.928299999999999841e+02,3.946299999999999955e+02,3.968999999999999773e+02,3.941200000000000045e+02,3.956000000000000227e+02,3.968999999999999773e+02,3.866299999999999955e+02,3.867099999999999795e+02,3.925199999999999818e+02,3.968999999999999773e+02,3.905000000000000000e+02,3.968999999999999773e+02,3.800199999999999818e+02,3.956200000000000045e+02,3.868500000000000227e+02,3.867500000000000000e+02,2.889900000000000091e+02,3.909499999999999886e+02,3.765699999999999932e+02,3.925299999999999727e+02,3.968999999999999773e+02,3.945400000000000205e+02,3.943299999999999841e+02,3.034200000000000159e+02,3.768799999999999955e+02,3.063799999999999955e+02,3.879399999999999977e+02,3.802300000000000182e+02,3.601700000000000159e+02,3.767300000000000182e+02,2.325999999999999943e+02,3.587699999999999818e+02,2.483100000000000023e+02,3.968999999999999773e+02,3.775600000000000023e+02,3.968999999999999773e+02,3.934300000000000068e+02,3.956299999999999955e+02,3.956200000000000045e+02,3.854100000000000250e+02,3.833700000000000045e+02,3.944599999999999795e+02,3.893899999999999864e+02,3.968999999999999773e+02,3.968999999999999773e+02,3.927400000000000091e+02,3.968999999999999773e+02,3.968999999999999773e+02,3.955600000000000023e+02,3.939700000000000273e+02,3.968999999999999773e+02,3.968999999999999773e+02,3.968999999999999773e+02,3.959300000000000068e+02,3.968999999999999773e+02,3.928999999999999773e+02,3.906800000000000068e+02,3.968999999999999773e+02,3.951100000000000136e+02,3.780799999999999841e+02,3.968999999999999773e+02,3.955799999999999841e+02,3.932400000000000091e+02,3.968999999999999773e+02,3.968999999999999773e+02,3.962099999999999795e+02,3.968999999999999773e+02,3.968999999999999773e+02,3.837300000000000182e+02,3.769399999999999977e+02,3.909100000000000250e+02,3.771700000000000159e+02,3.949200000000000159e+02,3.832300000000000182e+02,3.736600000000000250e+02,3.869599999999999795e+02,3.863999999999999773e+02,3.960600000000000023e+02,3.968999999999999773e+02,3.956299999999999955e+02,3.968999999999999773e+02,3.906399999999999864e+02,3.968999999999999773e+02,3.923000000000000114e+02,3.959900000000000091e+02,3.951499999999999773e+02,3.968999999999999773e+02,3.960600000000000023e+02,3.921800000000000068e+02,3.935500000000000114e+02,3.950099999999999909e+02,3.963299999999999841e+02,3.968999999999999773e+02,3.579800000000000182e+02,3.918299999999999841e+02,3.968999999999999773e+02,3.935299999999999727e+02,3.968999999999999773e+02,3.947599999999999909e+02,3.955799999999999841e+02,7.079999999999999716e+01,3.944700000000000273e+02,3.926899999999999977e+02,3.940500000000000114e+02,3.956700000000000159e+02,3.876899999999999977e+02,3.952400000000000091e+02,3.912300000000000182e+02,3.934900000000000091e+02,3.955899999999999750e+02,3.949499999999999886e+02,3.968999999999999773e+02,3.887400000000000091e+02,3.449100000000000250e+02,3.933000000000000114e+02,3.945099999999999909e+02,3.386299999999999955e+02,3.915000000000000000e+02,3.891499999999999773e+02,3.776700000000000159e+02,3.780899999999999750e+02,3.703100000000000023e+02,3.793799999999999955e+02,3.850199999999999818e+02,3.592900000000000205e+02,3.921100000000000136e+02,3.968999999999999773e+02,3.968999999999999773e+02,3.950400000000000205e+02,3.968999999999999773e+02,3.857599999999999909e+02,3.886899999999999977e+02,2.627599999999999909e+02,3.946700000000000159e+02,3.782500000000000000e+02,3.940799999999999841e+02,3.920400000000000205e+02,3.968999999999999773e+02,3.880799999999999841e+02,3.968999999999999773e+02,3.968999999999999773e+02,3.968999999999999773e+02,3.968999999999999773e+02,1.729099999999999966e+02,1.692700000000000102e+02,3.917099999999999795e+02,3.569900000000000091e+02,3.518500000000000227e+02,3.728000000000000114e+02,3.416000000000000227e+02,3.432799999999999727e+02,2.619499999999999886e+02,3.210199999999999818e+02,8.801000000000000512e+01,8.862999999999999545e+01,3.634300000000000068e+02,3.538899999999999864e+02,3.643100000000000023e+02,3.389200000000000159e+02,3.744300000000000068e+02,3.896100000000000136e+02,3.884499999999999886e+02,3.951100000000000136e+02,2.401599999999999966e+02,3.693000000000000114e+02,2.276100000000000136e+02,2.970899999999999750e+02,3.300400000000000205e+02,2.922900000000000205e+02,3.481299999999999955e+02,3.968999999999999773e+02,3.955000000000000000e+02,3.932300000000000182e+02,3.909599999999999795e+02,3.932300000000000182e+02,3.956000000000000227e+02,3.912699999999999818e+02,3.968999999999999773e+02,3.955600000000000023e+02,3.968999999999999773e+02,3.941200000000000045e+02,3.968999999999999773e+02,3.910000000000000000e+02,3.871100000000000136e+02,3.926299999999999955e+02,3.938700000000000045e+02,3.828399999999999750e+02,3.968999999999999773e+02,3.776800000000000068e+02,3.897099999999999795e+02,3.904900000000000091e+02,3.933700000000000045e+02,3.766999999999999886e+02,3.942300000000000182e+02,3.968999999999999773e+02,3.543100000000000023e+02,3.921999999999999886e+02,3.968999999999999773e+02,3.843000000000000114e+02,3.937699999999999818e+02,3.953799999999999955e+02,3.927799999999999727e+02,3.905500000000000114e+02,3.968999999999999773e+02,3.948700000000000045e+02,3.894300000000000068e+02,3.813199999999999932e+02,3.968999999999999773e+02,3.932500000000000000e+02,3.952400000000000091e+02,3.909399999999999977e+02,3.858100000000000023e+02,3.489300000000000068e+02,3.936299999999999955e+02,3.928000000000000114e+02,3.927799999999999727e+02,3.968999999999999773e+02,3.937400000000000091e+02,3.916999999999999886e+02,3.952400000000000091e+02,3.903899999999999864e+02,3.968999999999999773e+02,3.850500000000000114e+02,3.820000000000000000e+02,3.873799999999999955e+02,3.720799999999999841e+02,3.775099999999999909e+02,3.803399999999999750e+02,3.783500000000000227e+02,3.761399999999999864e+02,3.859100000000000250e+02,3.789499999999999886e+02,3.601999999999999886e+02,3.767500000000000000e+02,3.884499999999999886e+02,3.900699999999999932e+02,3.794100000000000250e+02,3.837799999999999727e+02,3.912500000000000000e+02,3.946200000000000045e+02,3.727500000000000000e+02,3.747099999999999795e+02,3.724900000000000091e+02,3.891299999999999955e+02,3.901800000000000068e+02,3.761399999999999864e+02,3.747099999999999795e+02,3.937400000000000091e+02,3.962799999999999727e+02,3.770699999999999932e+02,3.860899999999999750e+02,3.968999999999999773e+02,3.928899999999999864e+02,3.951800000000000068e+02,3.863399999999999750e+02,3.896999999999999886e+02,3.832900000000000205e+02,3.919300000000000068e+02,3.928000000000000114e+02,3.883700000000000045e+02,3.868600000000000136e+02,3.934200000000000159e+02,3.878899999999999864e+02,3.923999999999999773e+02,3.840699999999999932e+02,3.845400000000000205e+02,3.903000000000000114e+02,3.913399999999999750e+02,3.886499999999999773e+02,3.968999999999999773e+02,3.949599999999999795e+02,3.907699999999999818e+02,3.968999999999999773e+02,3.968999999999999773e+02,3.892500000000000000e+02,3.934499999999999886e+02,3.968999999999999773e+02,3.968999999999999773e+02,3.873100000000000023e+02,3.922300000000000182e+02,3.770699999999999932e+02,3.955199999999999818e+02,3.947200000000000273e+02,3.947200000000000273e+02,3.416000000000000227e+02,3.968999999999999773e+02,3.968999999999999773e+02,3.717200000000000273e+02,3.968999999999999773e+02,3.968999999999999773e+02,3.968999999999999773e+02,3.968999999999999773e+02,3.968999999999999773e+02,3.968999999999999773e+02,3.928500000000000227e+02,3.968999999999999773e+02,3.682400000000000091e+02,3.715799999999999841e+02,3.908600000000000136e+02,3.957500000000000000e+02,3.836100000000000136e+02,3.904300000000000068e+02,3.936800000000000068e+02,3.933600000000000136e+02,3.968999999999999773e+02,3.968999999999999773e+02,3.968999999999999773e+02,3.962400000000000091e+02,3.504499999999999886e+02,3.968999999999999773e+02,3.963000000000000114e+02,3.933899999999999864e+02,3.956899999999999977e+02,3.964200000000000159e+02,3.906999999999999886e+02,3.968999999999999773e+02,3.952099999999999795e+02,3.962300000000000182e+02,3.968999999999999773e+02,3.968999999999999773e+02,3.968999999999999773e+02,3.911299999999999955e+02,3.968999999999999773e+02,3.936800000000000068e+02,3.968999999999999773e+02,3.968999999999999773e+02,3.824399999999999977e+02,3.752099999999999795e+02,3.685699999999999932e+02,3.940199999999999818e+02,3.622500000000000000e+02,3.897099999999999795e+02,3.893999999999999773e+02,3.968999999999999773e+02,3.968999999999999773e+02,3.948100000000000023e+02,3.961399999999999864e+02,3.968999999999999773e+02,3.968999999999999773e+02,3.947400000000000091e+02,3.899599999999999795e+02,3.968999999999999773e+02,3.879700000000000273e+02,3.856399999999999864e+02,3.646100000000000136e+02,3.924300000000000068e+02,3.909399999999999977e+02,3.898500000000000227e+02,3.968999999999999773e+02,3.707799999999999727e+02,3.923299999999999841e+02,3.844599999999999795e+02,3.828000000000000114e+02,3.760400000000000205e+02,3.777300000000000182e+02,3.913399999999999750e+02,3.954300000000000068e+02,3.907400000000000091e+02,3.745600000000000023e+02,3.506499999999999773e+02,3.807900000000000205e+02,3.530400000000000205e+02,3.545500000000000114e+02,3.546999999999999886e+02,3.160299999999999727e+02,1.314199999999999875e+02,3.755199999999999818e+02,3.753299999999999841e+02,3.920500000000000114e+02,3.661499999999999773e+02,3.478799999999999955e+02,3.968999999999999773e+02,3.968999999999999773e+02,3.968999999999999773e+02,3.630199999999999818e+02,3.968999999999999773e+02,3.968999999999999773e+02,3.937400000000000091e+02,3.968999999999999773e+02,3.968999999999999773e+02,3.968999999999999773e+02,3.968999999999999773e+02,2.858299999999999841e+02,3.968999999999999773e+02,3.968999999999999773e+02,3.968999999999999773e+02,3.729200000000000159e+02,3.968999999999999773e+02,3.944300000000000068e+02,3.783799999999999955e+02,3.968999999999999773e+02,3.968999999999999773e+02,3.968999999999999773e+02,3.919800000000000182e+02,3.968999999999999773e+02,3.931000000000000227e+02,3.968999999999999773e+02,3.381600000000000250e+02,3.968999999999999773e+02,3.968999999999999773e+02,3.761100000000000136e+02,3.968999999999999773e+02,3.294599999999999795e+02,3.849700000000000273e+02,3.702200000000000273e+02,3.320899999999999750e+02,3.146399999999999864e+02,1.793600000000000136e+02,2.600000000000000089e+00,3.504999999999999716e+01,2.878999999999999915e+01,2.109699999999999989e+02,8.826999999999999602e+01,2.725000000000000000e+01,2.157000000000000028e+01,1.273599999999999994e+02,1.644999999999999929e+01,4.845000000000000284e+01,3.187500000000000000e+02,3.199800000000000182e+02,2.915500000000000114e+02,2.520000000000000018e+00,3.649999999999999911e+00,7.679999999999999716e+00,2.464999999999999858e+01,1.882000000000000028e+01,9.673000000000000398e+01,6.071999999999999886e+01,8.345000000000000284e+01,8.132999999999999829e+01,9.795000000000000284e+01,1.001899999999999977e+02,1.006299999999999955e+02,1.098499999999999943e+02,2.748999999999999844e+01,9.320000000000000284e+00,6.895000000000000284e+01,3.968999999999999773e+02,3.914499999999999886e+02,3.859599999999999795e+02,3.956899999999999977e+02,3.867300000000000182e+02,2.405200000000000102e+02,4.306000000000000227e+01,3.180099999999999909e+02,3.885199999999999818e+02,3.968999999999999773e+02,3.042099999999999795e+02,3.200000000000000067e-01,3.552900000000000205e+02,3.850899999999999750e+02,3.758700000000000045e+02,6.679999999999999716e+00,5.092000000000000171e+01,1.048000000000000043e+01,3.500000000000000000e+00,2.722099999999999795e+02,3.968999999999999773e+02,2.552299999999999898e+02,3.914300000000000068e+02,3.968999999999999773e+02,3.938199999999999932e+02,3.968999999999999773e+02,3.343999999999999773e+02,2.201000000000000156e+01,3.312900000000000205e+02,3.687400000000000091e+02,3.968999999999999773e+02,3.968999999999999773e+02,3.953299999999999841e+02,3.933700000000000045e+02,3.746800000000000068e+02,3.525799999999999841e+02,3.027599999999999909e+02,3.962099999999999795e+02,3.494800000000000182e+02,3.796999999999999886e+02,3.833199999999999932e+02,3.968999999999999773e+02,3.930699999999999932e+02,3.952799999999999727e+02,3.929200000000000159e+02,3.707300000000000182e+02,3.886200000000000045e+02,3.926800000000000068e+02,3.882200000000000273e+02,3.950899999999999750e+02,3.440500000000000114e+02,3.184300000000000068e+02,3.901100000000000136e+02,3.968999999999999773e+02,3.968999999999999773e+02,3.968999999999999773e+02,3.932900000000000205e+02,3.968999999999999773e+02,3.968999999999999773e+02,3.968999999999999773e+02,3.957699999999999818e+02,3.968999999999999773e+02,3.919900000000000091e+02,3.968999999999999773e+02,3.968999999999999773e+02,3.934499999999999886e+02,3.968999999999999773e+02
4.980000000000000426e+00,9.140000000000000568e+00,4.030000000000000249e+00,2.939999999999999947e+00,5.330000000000000071e+00,5.209999999999999964e+00,1.242999999999999972e+01,1.914999999999999858e+01,2.992999999999999972e+01,1.710000000000000142e+01,2.044999999999999929e+01,1.326999999999999957e+01,1.571000000000000085e+01,8.259999999999999787e+00,1.025999999999999979e+01,8.470000000000000639e+00,6.580000000000000071e+00,1.466999999999999993e+01,1.168999999999999950e+01,1.127999999999999936e+01,2.101999999999999957e+01,1.383000000000000007e+01,1.871999999999999886e+01,1.987999999999999901e+01,1.630000000000000071e+01,1.651000000000000156e+01,1.481000000000000050e+01,1.728000000000000114e+01,1.280000000000000071e+01,1.198000000000000043e+01,2.260000000000000142e+01,1.303999999999999915e+01,2.771000000000000085e+01,1.835000000000000142e+01,2.033999999999999986e+01,9.679999999999999716e+00,1.141000000000000014e+01,8.769999999999999574e+00,1.013000000000000078e+01,4.320000000000000284e+00,1.979999999999999982e+00,4.839999999999999858e+00,5.809999999999999609e+00,7.440000000000000391e+00,9.550000000000000711e+00,1.021000000000000085e+01,1.415000000000000036e+01,1.880000000000000071e+01,3.080999999999999872e+01,1.619999999999999929e+01,1.344999999999999929e+01,9.429999999999999716e+00,5.280000000000000249e+00,8.429999999999999716e+00,1.480000000000000071e+01,4.809999999999999609e+00,5.769999999999999574e+00,3.950000000000000178e+00,6.860000000000000320e+00,9.220000000000000639e+00,1.315000000000000036e+01,1.443999999999999950e+01,6.730000000000000426e+00,9.500000000000000000e+00,8.050000000000000711e+00,4.669999999999999929e+00,1.024000000000000021e+01,8.099999999999999645e+00,1.308999999999999986e+01,8.789999999999999147e+00,6.719999999999999751e+00,9.880000000000000782e+00,5.519999999999999574e+00,7.540000000000000036e+00,6.780000000000000249e+00,8.939999999999999503e+00,1.197000000000000064e+01,1.026999999999999957e+01,1.233999999999999986e+01,9.099999999999999645e+00,5.290000000000000036e+00,7.219999999999999751e+00,6.719999999999999751e+00,7.509999999999999787e+00,9.619999999999999218e+00,6.530000000000000249e+00,1.285999999999999943e+01,8.439999999999999503e+00,5.500000000000000000e+00,5.700000000000000178e+00,8.810000000000000497e+00,8.199999999999999289e+00,8.160000000000000142e+00,6.209999999999999964e+00,1.058999999999999986e+01,6.650000000000000355e+00,1.133999999999999986e+01,4.209999999999999964e+00,3.569999999999999840e+00,6.190000000000000391e+00,9.419999999999999929e+00,7.669999999999999929e+00,1.063000000000000078e+01,1.343999999999999950e+01,1.233000000000000007e+01,1.646999999999999886e+01,1.866000000000000014e+01,1.408999999999999986e+01,1.226999999999999957e+01,1.555000000000000071e+01,1.300000000000000000e+01,1.016000000000000014e+01,1.621000000000000085e+01,1.708999999999999986e+01,1.044999999999999929e+01,1.575999999999999979e+01,1.203999999999999915e+01,1.030000000000000071e+01,1.536999999999999922e+01,1.360999999999999943e+01,1.436999999999999922e+01,1.426999999999999957e+01,1.792999999999999972e+01,2.541000000000000014e+01,1.757999999999999829e+01,1.481000000000000050e+01,2.726000000000000156e+01,1.719000000000000128e+01,1.539000000000000057e+01,1.833999999999999986e+01,1.259999999999999964e+01,1.225999999999999979e+01,1.111999999999999922e+01,1.502999999999999936e+01,1.730999999999999872e+01,1.696000000000000085e+01,1.689999999999999858e+01,1.458999999999999986e+01,2.132000000000000028e+01,1.846000000000000085e+01,2.416000000000000014e+01,3.440999999999999659e+01,2.682000000000000028e+01,2.642000000000000171e+01,2.928999999999999915e+01,2.780000000000000071e+01,1.664999999999999858e+01,2.953000000000000114e+01,2.832000000000000028e+01,2.144999999999999929e+01,1.409999999999999964e+01,1.327999999999999936e+01,1.211999999999999922e+01,1.578999999999999915e+01,1.511999999999999922e+01,1.501999999999999957e+01,1.614000000000000057e+01,4.589999999999999858e+00,6.429999999999999716e+00,7.389999999999999680e+00,5.500000000000000000e+00,1.729999999999999982e+00,1.919999999999999929e+00,3.319999999999999840e+00,1.164000000000000057e+01,9.810000000000000497e+00,3.700000000000000178e+00,1.214000000000000057e+01,1.109999999999999964e+01,1.132000000000000028e+01,1.442999999999999972e+01,1.202999999999999936e+01,1.468999999999999950e+01,9.039999999999999147e+00,9.640000000000000568e+00,5.330000000000000071e+00,1.010999999999999943e+01,6.290000000000000036e+00,6.919999999999999929e+00,5.040000000000000036e+00,7.559999999999999609e+00,9.449999999999999289e+00,4.820000000000000284e+00,5.679999999999999716e+00,1.398000000000000043e+01,1.315000000000000036e+01,4.450000000000000178e+00,6.679999999999999716e+00,4.559999999999999609e+00,5.389999999999999680e+00,5.099999999999999645e+00,4.690000000000000391e+00,2.870000000000000107e+00,5.030000000000000249e+00,4.379999999999999893e+00,2.970000000000000195e+00,4.080000000000000071e+00,8.609999999999999432e+00,6.620000000000000107e+00,4.559999999999999609e+00,4.450000000000000178e+00,7.429999999999999716e+00,3.109999999999999876e+00,3.810000000000000053e+00,2.879999999999999893e+00,1.086999999999999922e+01,1.097000000000000064e+01,1.805999999999999872e+01,1.466000000000000014e+01,2.308999999999999986e+01,1.726999999999999957e+01,2.398000000000000043e+01,1.603000000000000114e+01,9.380000000000000782e+00,2.955000000000000071e+01,9.470000000000000639e+00,1.350999999999999979e+01,9.689999999999999503e+00,1.792000000000000171e+01,1.050000000000000000e+01,9.710000000000000853e+00,2.146000000000000085e+01,9.929999999999999716e+00,7.599999999999999645e+00,4.139999999999999680e+00,4.629999999999999893e+00,3.129999999999999893e+00,6.360000000000000320e+00,3.919999999999999929e+00,3.759999999999999787e+00,1.165000000000000036e+01,5.250000000000000000e+00,2.470000000000000195e+00,3.950000000000000178e+00,8.050000000000000711e+00,1.088000000000000078e+01,9.539999999999999147e+00,4.730000000000000426e+00,6.360000000000000320e+00,7.370000000000000107e+00,1.138000000000000078e+01,1.240000000000000036e+01,1.122000000000000064e+01,5.190000000000000391e+00,1.250000000000000000e+01,1.846000000000000085e+01,9.160000000000000142e+00,1.015000000000000036e+01,9.519999999999999574e+00,6.559999999999999609e+00,5.900000000000000355e+00,3.589999999999999858e+00,3.529999999999999805e+00,3.540000000000000036e+00,6.570000000000000284e+00,9.250000000000000000e+00,3.109999999999999876e+00,5.120000000000000107e+00,7.790000000000000036e+00,6.900000000000000355e+00,9.589999999999999858e+00,7.259999999999999787e+00,5.910000000000000142e+00,1.125000000000000000e+01,8.099999999999999645e+00,1.044999999999999929e+01,1.478999999999999915e+01,7.440000000000000391e+00,3.160000000000000142e+00,1.365000000000000036e+01,1.300000000000000000e+01,6.589999999999999858e+00,7.730000000000000426e+00,6.580000000000000071e+00,3.529999999999999805e+00,2.979999999999999982e+00,6.049999999999999822e+00,4.160000000000000142e+00,7.190000000000000391e+00,4.849999999999999645e+00,3.759999999999999787e+00,4.589999999999999858e+00,3.009999999999999787e+00,3.160000000000000142e+00,7.849999999999999645e+00,8.230000000000000426e+00,1.292999999999999972e+01,7.139999999999999680e+00,7.599999999999999645e+00,9.509999999999999787e+00,3.330000000000000071e+00,3.560000000000000053e+00,4.700000000000000178e+00,8.580000000000000071e+00,1.040000000000000036e+01,6.269999999999999574e+00,7.389999999999999680e+00,1.583999999999999986e+01,4.969999999999999751e+00,4.740000000000000213e+00,6.070000000000000284e+00,9.500000000000000000e+00,8.669999999999999929e+00,4.860000000000000320e+00,6.929999999999999716e+00,8.929999999999999716e+00,6.469999999999999751e+00,7.530000000000000249e+00,4.540000000000000036e+00,9.970000000000000639e+00,1.264000000000000057e+01,5.980000000000000426e+00,1.172000000000000064e+01,7.900000000000000355e+00,9.279999999999999361e+00,1.150000000000000000e+01,1.832999999999999829e+01,1.593999999999999950e+01,1.035999999999999943e+01,1.273000000000000043e+01,7.200000000000000178e+00,6.870000000000000107e+00,7.700000000000000178e+00,1.174000000000000021e+01,6.120000000000000107e+00,5.080000000000000071e+00,6.150000000000000355e+00,1.278999999999999915e+01,9.970000000000000639e+00,7.339999999999999858e+00,9.089999999999999858e+00,1.242999999999999972e+01,7.830000000000000071e+00,5.679999999999999716e+00,6.750000000000000000e+00,8.009999999999999787e+00,9.800000000000000711e+00,1.056000000000000050e+01,8.509999999999999787e+00,9.740000000000000213e+00,9.289999999999999147e+00,5.490000000000000213e+00,8.650000000000000355e+00,7.179999999999999716e+00,4.610000000000000320e+00,1.052999999999999936e+01,1.266999999999999993e+01,6.360000000000000320e+00,5.990000000000000213e+00,5.889999999999999680e+00,5.980000000000000426e+00,5.490000000000000213e+00,7.790000000000000036e+00,4.500000000000000000e+00,8.050000000000000711e+00,5.570000000000000284e+00,1.760000000000000142e+01,1.326999999999999957e+01,1.148000000000000043e+01,1.266999999999999993e+01,7.790000000000000036e+00,1.418999999999999950e+01,1.018999999999999950e+01,1.464000000000000057e+01,5.290000000000000036e+00,7.120000000000000107e+00,1.400000000000000000e+01,1.333000000000000007e+01,3.259999999999999787e+00,3.729999999999999982e+00,2.959999999999999964e+00,9.529999999999999361e+00,8.880000000000000782e+00,3.477000000000000313e+01,3.796999999999999886e+01,1.343999999999999950e+01,2.323999999999999844e+01,2.123999999999999844e+01,2.369000000000000128e+01,2.178000000000000114e+01,1.721000000000000085e+01,2.107999999999999829e+01,2.360000000000000142e+01,2.455999999999999872e+01,3.062999999999999901e+01,3.080999999999999872e+01,2.828000000000000114e+01,3.198999999999999844e+01,3.062000000000000099e+01,2.085000000000000142e+01,1.710999999999999943e+01,1.876000000000000156e+01,2.567999999999999972e+01,1.516999999999999993e+01,1.635000000000000142e+01,1.712000000000000099e+01,1.937000000000000099e+01,1.992000000000000171e+01,3.058999999999999986e+01,2.996999999999999886e+01,2.676999999999999957e+01,2.032000000000000028e+01,2.030999999999999872e+01,1.976999999999999957e+01,2.737999999999999901e+01,2.298000000000000043e+01,2.333999999999999986e+01,1.213000000000000078e+01,2.639999999999999858e+01,1.978000000000000114e+01,1.010999999999999943e+01,2.121999999999999886e+01,3.436999999999999744e+01,2.007999999999999829e+01,3.697999999999999687e+01,2.905000000000000071e+01,2.578999999999999915e+01,2.664000000000000057e+01,2.062000000000000099e+01,2.273999999999999844e+01,1.501999999999999957e+01,1.569999999999999929e+01,1.409999999999999964e+01,2.328999999999999915e+01,1.716000000000000014e+01,2.439000000000000057e+01,1.568999999999999950e+01,1.451999999999999957e+01,2.151999999999999957e+01,2.407999999999999829e+01,1.764000000000000057e+01,1.969000000000000128e+01,1.202999999999999936e+01,1.621999999999999886e+01,1.516999999999999993e+01,2.326999999999999957e+01,1.805000000000000071e+01,2.644999999999999929e+01,3.402000000000000313e+01,2.287999999999999901e+01,2.210999999999999943e+01,1.951999999999999957e+01,1.658999999999999986e+01,1.885000000000000142e+01,2.378999999999999915e+01,2.398000000000000043e+01,1.778999999999999915e+01,1.644000000000000128e+01,1.812999999999999901e+01,1.930999999999999872e+01,1.744000000000000128e+01,1.773000000000000043e+01,1.726999999999999957e+01,1.673999999999999844e+01,1.871000000000000085e+01,1.812999999999999901e+01,1.901000000000000156e+01,1.694000000000000128e+01,1.623000000000000043e+01,1.469999999999999929e+01,1.642000000000000171e+01,1.465000000000000036e+01,1.399000000000000021e+01,1.028999999999999915e+01,1.322000000000000064e+01,1.413000000000000078e+01,1.714999999999999858e+01,2.132000000000000028e+01,1.812999999999999901e+01,1.475999999999999979e+01,1.628999999999999915e+01,1.286999999999999922e+01,1.435999999999999943e+01,1.166000000000000014e+01,1.814000000000000057e+01,2.410000000000000142e+01,1.867999999999999972e+01,2.491000000000000014e+01,1.803000000000000114e+01,1.310999999999999943e+01,1.074000000000000021e+01,7.740000000000000213e+00,7.009999999999999787e+00,1.041999999999999993e+01,1.333999999999999986e+01,1.058000000000000007e+01,1.498000000000000043e+01,1.144999999999999929e+01,1.805999999999999872e+01,2.396999999999999886e+01,2.967999999999999972e+01,1.807000000000000028e+01,1.334999999999999964e+01,1.200999999999999979e+01,1.358999999999999986e+01,1.760000000000000142e+01,2.114000000000000057e+01,1.409999999999999964e+01,1.291999999999999993e+01,1.509999999999999964e+01,1.433000000000000007e+01,9.669999999999999929e+00,9.080000000000000071e+00,5.639999999999999680e+00,6.480000000000000426e+00,7.879999999999999893e+00
2.400000000000000000e+01,2.160000000000000142e+01,3.470000000000000284e+01,3.339999999999999858e+01,3.620000000000000284e+01,2.869999999999999929e+01,2.289999999999999858e+01,2.710000000000000142e+01,1.650000000000000000e+01,1.889999999999999858e+01,1.500000000000000000e+01,1.889999999999999858e+01,2.169999999999999929e+01,2.039999999999999858e+01,1.819999999999999929e+01,1.989999999999999858e+01,2.310000000000000142e+01,1.750000000000000000e+01,2.019999999999999929e+01,1.819999999999999929e+01,1.359999999999999964e+01,1.960000000000000142e+01,1.519999999999999929e+01,1.450000000000000000e+01,1.559999999999999964e+01,1.390000000000000036e+01,1.660000000000000142e+01,1.480000000000000071e+01,1.839999999999999858e+01,2.100000000000000000e+01,1.269999999999999929e+01,1.450000000000000000e+01,1.319999999999999929e+01,1.309999999999999964e+01,1.350000000000000000e+01,1.889999999999999858e+01,2.000000000000000000e+01,2.100000000000000000e+01,2.469999999999999929e+01,3.080000000000000071e+01,3.489999999999999858e+01,2.660000000000000142e+01,2.530000000000000071e+01,2.469999999999999929e+01,2.119999999999999929e+01,1.930000000000000071e+01,2.000000000000000000e+01,1.660000000000000142e+01,1.440000000000000036e+01,1.939999999999999858e+01,1.969999999999999929e+01,2.050000000000000000e+01,2.500000000000000000e+01,2.339999999999999858e+01,1.889999999999999858e+01,3.539999999999999858e+01,2.469999999999999929e+01,3.160000000000000142e+01,2.330000000000000071e+01,1.960000000000000142e+01,1.869999999999999929e+01,1.600000000000000000e+01,2.219999999999999929e+01,2.500000000000000000e+01,3.300000000000000000e+01,2.350000000000000000e+01,1.939999999999999858e+01,2.200000000000000000e+01,1.739999999999999858e+01,2.089999999999999858e+01,2.419999999999999929e+01,2.169999999999999929e+01,2.280000000000000071e+01,2.339999999999999858e+01,2.410000000000000142e+01,2.139999999999999858e+01,2.000000000000000000e+01,2.080000000000000071e+01,2.119999999999999929e+01,2.030000000000000071e+01,2.800000000000000000e+01,2.389999999999999858e+01,2.480000000000000071e+01,2.289999999999999858e+01,2.389999999999999858e+01,2.660000000000000142e+01,2.250000000000000000e+01,2.219999999999999929e+01,2.360000000000000142e+01,2.869999999999999929e+01,2.260000000000000142e+01,2.200000000000000000e+01,2.289999999999999858e+01,2.500000000000000000e+01,2.060000000000000142e+01,2.839999999999999858e+01,2.139999999999999858e+01,3.870000000000000284e+01,4.379999999999999716e+01,3.320000000000000284e+01,2.750000000000000000e+01,2.650000000000000000e+01,1.860000000000000142e+01,1.930000000000000071e+01,2.010000000000000142e+01,1.950000000000000000e+01,1.950000000000000000e+01,2.039999999999999858e+01,1.980000000000000071e+01,1.939999999999999858e+01,2.169999999999999929e+01,2.280000000000000071e+01,1.880000000000000071e+01,1.869999999999999929e+01,1.850000000000000000e+01,1.830000000000000071e+01,2.119999999999999929e+01,1.919999999999999929e+01,2.039999999999999858e+01,1.930000000000000071e+01,2.200000000000000000e+01,2.030000000000000071e+01,2.050000000000000000e+01,1.730000000000000071e+01,1.880000000000000071e+01,2.139999999999999858e+01,1.569999999999999929e+01,1.619999999999999929e+01,1.800000000000000000e+01,1.430000000000000071e+01,1.919999999999999929e+01,1.960000000000000142e+01,2.300000000000000000e+01,1.839999999999999858e+01,1.559999999999999964e+01,1.810000000000000142e+01,1.739999999999999858e+01,1.710000000000000142e+01,1.330000000000000071e+01,1.780000000000000071e+01,1.400000000000000000e+01,1.440000000000000036e+01,1.340000000000000036e+01,1.559999999999999964e+01,1.180000000000000071e+01,1.380000000000000071e+01,1.559999999999999964e+01,1.459999999999999964e+01,1.780000000000000071e+01,1.540000000000000036e+01,2.150000000000000000e+01,1.960000000000000142e+01,1.530000000000000071e+01,1.939999999999999858e+01,1.700000000000000000e+01,1.559999999999999964e+01,1.309999999999999964e+01,4.129999999999999716e+01,2.430000000000000071e+01,2.330000000000000071e+01,2.700000000000000000e+01,5.000000000000000000e+01,5.000000000000000000e+01,5.000000000000000000e+01,2.269999999999999929e+01,2.500000000000000000e+01,5.000000000000000000e+01,2.380000000000000071e+01,2.380000000000000071e+01,2.230000000000000071e+01,1.739999999999999858e+01,1.910000000000000142e+01,2.310000000000000142e+01,2.360000000000000142e+01,2.260000000000000142e+01,2.939999999999999858e+01,2.319999999999999929e+01,2.460000000000000142e+01,2.989999999999999858e+01,3.720000000000000284e+01,3.979999999999999716e+01,3.620000000000000284e+01,3.789999999999999858e+01,3.250000000000000000e+01,2.639999999999999858e+01,2.960000000000000142e+01,5.000000000000000000e+01,3.200000000000000000e+01,2.980000000000000071e+01,3.489999999999999858e+01,3.700000000000000000e+01,3.050000000000000000e+01,3.639999999999999858e+01,3.110000000000000142e+01,2.910000000000000142e+01,5.000000000000000000e+01,3.329999999999999716e+01,3.030000000000000071e+01,3.460000000000000142e+01,3.489999999999999858e+01,3.289999999999999858e+01,2.410000000000000142e+01,4.229999999999999716e+01,4.850000000000000000e+01,5.000000000000000000e+01,2.260000000000000142e+01,2.439999999999999858e+01,2.250000000000000000e+01,2.439999999999999858e+01,2.000000000000000000e+01,2.169999999999999929e+01,1.930000000000000071e+01,2.239999999999999858e+01,2.810000000000000142e+01,2.369999999999999929e+01,2.500000000000000000e+01,2.330000000000000071e+01,2.869999999999999929e+01,2.150000000000000000e+01,2.300000000000000000e+01,2.669999999999999929e+01,2.169999999999999929e+01,2.750000000000000000e+01,3.010000000000000142e+01,4.479999999999999716e+01,5.000000000000000000e+01,3.760000000000000142e+01,3.160000000000000142e+01,4.670000000000000284e+01,3.150000000000000000e+01,2.430000000000000071e+01,3.169999999999999929e+01,4.170000000000000284e+01,4.829999999999999716e+01,2.900000000000000000e+01,2.400000000000000000e+01,2.510000000000000142e+01,3.150000000000000000e+01,2.369999999999999929e+01,2.330000000000000071e+01,2.200000000000000000e+01,2.010000000000000142e+01,2.219999999999999929e+01,2.369999999999999929e+01,1.760000000000000142e+01,1.850000000000000000e+01,2.430000000000000071e+01,2.050000000000000000e+01,2.450000000000000000e+01,2.619999999999999929e+01,2.439999999999999858e+01,2.480000000000000071e+01,2.960000000000000142e+01,4.279999999999999716e+01,2.189999999999999858e+01,2.089999999999999858e+01,4.400000000000000000e+01,5.000000000000000000e+01,3.600000000000000000e+01,3.010000000000000142e+01,3.379999999999999716e+01,4.310000000000000142e+01,4.879999999999999716e+01,3.100000000000000000e+01,3.650000000000000000e+01,2.280000000000000071e+01,3.069999999999999929e+01,5.000000000000000000e+01,4.350000000000000000e+01,2.069999999999999929e+01,2.110000000000000142e+01,2.519999999999999929e+01,2.439999999999999858e+01,3.520000000000000284e+01,3.239999999999999858e+01,3.200000000000000000e+01,3.320000000000000284e+01,3.310000000000000142e+01,2.910000000000000142e+01,3.510000000000000142e+01,4.539999999999999858e+01,3.539999999999999858e+01,4.600000000000000000e+01,5.000000000000000000e+01,3.220000000000000284e+01,2.200000000000000000e+01,2.010000000000000142e+01,2.319999999999999929e+01,2.230000000000000071e+01,2.480000000000000071e+01,2.850000000000000000e+01,3.729999999999999716e+01,2.789999999999999858e+01,2.389999999999999858e+01,2.169999999999999929e+01,2.860000000000000142e+01,2.710000000000000142e+01,2.030000000000000071e+01,2.250000000000000000e+01,2.900000000000000000e+01,2.480000000000000071e+01,2.200000000000000000e+01,2.639999999999999858e+01,3.310000000000000142e+01,3.610000000000000142e+01,2.839999999999999858e+01,3.339999999999999858e+01,2.819999999999999929e+01,2.280000000000000071e+01,2.030000000000000071e+01,1.610000000000000142e+01,2.210000000000000142e+01,1.939999999999999858e+01,2.160000000000000142e+01,2.380000000000000071e+01,1.619999999999999929e+01,1.780000000000000071e+01,1.980000000000000071e+01,2.310000000000000142e+01,2.100000000000000000e+01,2.380000000000000071e+01,2.310000000000000142e+01,2.039999999999999858e+01,1.850000000000000000e+01,2.500000000000000000e+01,2.460000000000000142e+01,2.300000000000000000e+01,2.219999999999999929e+01,1.930000000000000071e+01,2.260000000000000142e+01,1.980000000000000071e+01,1.710000000000000142e+01,1.939999999999999858e+01,2.219999999999999929e+01,2.069999999999999929e+01,2.110000000000000142e+01,1.950000000000000000e+01,1.850000000000000000e+01,2.060000000000000142e+01,1.900000000000000000e+01,1.869999999999999929e+01,3.270000000000000284e+01,1.650000000000000000e+01,2.389999999999999858e+01,3.119999999999999929e+01,1.750000000000000000e+01,1.719999999999999929e+01,2.310000000000000142e+01,2.450000000000000000e+01,2.660000000000000142e+01,2.289999999999999858e+01,2.410000000000000142e+01,1.860000000000000142e+01,3.010000000000000142e+01,1.819999999999999929e+01,2.060000000000000142e+01,1.780000000000000071e+01,2.169999999999999929e+01,2.269999999999999929e+01,2.260000000000000142e+01,2.500000000000000000e+01,1.989999999999999858e+01,2.080000000000000071e+01,1.680000000000000071e+01,2.189999999999999858e+01,2.750000000000000000e+01,2.189999999999999858e+01,2.310000000000000142e+01,5.000000000000000000e+01,5.000000000000000000e+01,5.000000000000000000e+01,5.000000000000000000e+01,5.000000000000000000e+01,1.380000000000000071e+01,1.380000000000000071e+01,1.500000000000000000e+01,1.390000000000000036e+01,1.330000000000000071e+01,1.309999999999999964e+01,1.019999999999999929e+01,1.040000000000000036e+01,1.090000000000000036e+01,1.130000000000000071e+01,1.230000000000000071e+01,8.800000000000000711e+00,7.200000000000000178e+00,1.050000000000000000e+01,7.400000000000000355e+00,1.019999999999999929e+01,1.150000000000000000e+01,1.509999999999999964e+01,2.319999999999999929e+01,9.699999999999999289e+00,1.380000000000000071e+01,1.269999999999999929e+01,1.309999999999999964e+01,1.250000000000000000e+01,8.500000000000000000e+00,5.000000000000000000e+00,6.299999999999999822e+00,5.599999999999999645e+00,7.200000000000000178e+00,1.209999999999999964e+01,8.300000000000000711e+00,8.500000000000000000e+00,5.000000000000000000e+00,1.190000000000000036e+01,2.789999999999999858e+01,1.719999999999999929e+01,2.750000000000000000e+01,1.500000000000000000e+01,1.719999999999999929e+01,1.789999999999999858e+01,1.630000000000000071e+01,7.000000000000000000e+00,7.200000000000000178e+00,7.500000000000000000e+00,1.040000000000000036e+01,8.800000000000000711e+00,8.400000000000000355e+00,1.669999999999999929e+01,1.419999999999999929e+01,2.080000000000000071e+01,1.340000000000000036e+01,1.169999999999999929e+01,8.300000000000000711e+00,1.019999999999999929e+01,1.090000000000000036e+01,1.100000000000000000e+01,9.500000000000000000e+00,1.450000000000000000e+01,1.409999999999999964e+01,1.610000000000000142e+01,1.430000000000000071e+01,1.169999999999999929e+01,1.340000000000000036e+01,9.599999999999999645e+00,8.699999999999999289e+00,8.400000000000000355e+00,1.280000000000000071e+01,1.050000000000000000e+01,1.710000000000000142e+01,1.839999999999999858e+01,1.540000000000000036e+01,1.080000000000000071e+01,1.180000000000000071e+01,1.490000000000000036e+01,1.259999999999999964e+01,1.409999999999999964e+01,1.300000000000000000e+01,1.340000000000000036e+01,1.519999999999999929e+01,1.610000000000000142e+01,1.780000000000000071e+01,1.490000000000000036e+01,1.409999999999999964e+01,1.269999999999999929e+01,1.350000000000000000e+01,1.490000000000000036e+01,2.000000000000000000e+01,1.639999999999999858e+01,1.769999999999999929e+01,1.950000000000000000e+01,2.019999999999999929e+01,2.139999999999999858e+01,1.989999999999999858e+01,1.900000000000000000e+01,1.910000000000000142e+01,1.910000000000000142e+01,2.010000000000000142e+01,1.989999999999999858e+01,1.960000000000000142e+01,2.319999999999999929e+01,2.980000000000000071e+01,1.380000000000000071e+01,1.330000000000000071e+01,1.669999999999999929e+01,1.200000000000000000e+01,1.459999999999999964e+01,2.139999999999999858e+01,2.300000000000000000e+01,2.369999999999999929e+01,2.500000000000000000e+01,2.180000000000000071e+01,2.060000000000000142e+01,2.119999999999999929e+01,1.910000000000000142e+01,2.060000000000000142e+01,1.519999999999999929e+01,7.000000000000000000e+00,8.099999999999999645e+00,1.359999999999999964e+01,2.010000000000000142e+01,2.180000000000000071e+01,2.450000000000000000e+01,2.310000000000000142e+01,1.969999999999999929e+01,1.830000000000000071e+01,2.119999999999999929e+01,1.750000000000000000e+01,1.680000000000000071e+01,2.239999999999999858e+01,2.060000000000000142e+01,2.389999999999999858e+01,2.200000000000000000e+01,1.190000000000000036e+01
